454 115 0.839385979858 
381 726 0.848564682413 
381 440 0.848988478337 
425 189 0.847263999421 
295 78 0.847737865931 
176 536 0.822019715625 
750 59 0.791549390801 
11 654 0.837628555541 
383 454 0.837536498883 
799 869 0.842830507442 
463 205 0.848489172436 
747 286 0.840196555526 
431 804 0.844148724877 
92 178 0.830092115268 
291 752 0.83789456705 
738 461 0.802993224072 
576 588 0.813753081079 
696 647 0.809972824811 
491 45 0.837803075637 
789 331 0.841403740201 
615 320 0.843536657112 
799 104 0.842583638212 
117 467 0.841956629304 
691 754 0.83138680216 
118 367 0.810511158472 
408 746 0.828908007618 
766 630 0.841566689011 
321 350 0.849579696765 
713 512 0.836383083166 
392 133 0.839108877965 
791 144 0.849843925478 
328 248 0.84183158398 
99 322 0.823180671007 
403 712 0.845274853674 
347 193 0.827715611304 
909 40 0.828826572947 
53 694 0.840483187761 
28 630 0.849581221244 
525 218 0.842085992797 
771 396 0.843032773666 
11 525 0.836691201119 
691 367 0.790619018723 
629 221 0.844432164784 
376 640 0.847868579435 
866 748 0.843058864261 
321 57 0.833006375433 
139 348 0.843724022612 
338 472 0.839943153174 
187 511 0.838781858723 
524 824 0.84806426646 
349 279 0.837925917158 
339 879 0.847611455246 
115 538 0.83669076188 
99 846 0.831653958851 
581 186 0.822653714379 
641 831 0.849977896192 
632 793 0.82531766952 
334 248 0.848317283873 
718 715 0.827486495821 
105 899 0.837466326632 
109 805 0.849524438414 
833 903 0.839832214705 
350 7 0.849633609264 
336 207 0.848313922385 
799 548 0.823099477816 
753 186 0.845416744476 
439 174 0.841597569584 
43 355 0.833772103664 
284 502 0.847475173809 
99 602 0.839847304277 
524 550 0.831450676723 
343 602 0.843224632922 
665 121 0.844721585303 
290 250 0.839261751819 
886 180 0.837687391751 
887 506 0.841689534333 
123 712 0.842653247085 
689 796 0.827692458048 
649 7 0.832673396332 
816 439 0.830003327273 
888 736 0.843513502096 
252 741 0.819059482015 
291 433 0.846829623791 
782 132 0.834181364475 
487 411 0.816778964541 
429 738 0.828844444387 
729 40 0.833619137447 
290 210 0.845763288755 
691 712 0.840000273679 
870 762 0.832017837448 
464 322 0.830289070843 
383 651 0.849487019564 
736 192 0.842226070496 
746 738 0.83969433155 
220 226 0.839403383963 
288 205 0.847875801937 
67 227 0.849468375518 
373 762 0.842740952351 
8 207 0.839318729432 
673 582 0.842249804919 
382 888 0.832983888773 
382 323 0.842711758271 
155 331 0.843506026902 
252 205 0.797484387486 
903 120 0.848337760453 
271 680 0.848208391254 
347 312 0.839750379672 
656 506 0.833451720887 
331 784 0.845102873943 
176 525 0.818608992282 
109 241 0.840156889382 
148 730 0.829991311176 
582 795 0.846763572945 
818 796 0.824952408105 
305 42 0.826151611568 
761 111 0.839634875074 
305 355 0.824218246271 
92 903 0.825986681044 
289 322 0.8305409591 
666 105 0.839831074849 
753 514 0.82046803104 
335 796 0.831424513772 
376 910 0.848522785654 
331 250 0.825891000306 
799 506 0.826346715088 
176 762 0.805835858255 
909 230 0.833295903124 
338 832 0.847874146812 
524 226 0.825901061039 
139 322 0.818833762647 
343 731 0.844178813238 
696 872 0.812293680646 
109 429 0.848285970601 
53 678 0.844675464299 
289 731 0.848161772686 
739 733 0.834608700407 
288 808 0.842237220827 
290 60 0.843302229116 
806 864 0.83414997687 
844 882 0.848447789131 
691 666 0.811154346448 
653 708 0.820030857919 
382 884 0.841247757719 
632 565 0.841733904764 
693 397 0.837089954811 
176 816 0.816992594761 
326 4 0.841103711911 
591 736 0.845485910397 
686 8 0.825449181375 
187 548 0.815375240811 
804 669 0.849314359915 
28 602 0.844964797996 
739 731 0.832521039914 
254 746 0.841967396352 
84 443 0.841105935421 
873 333 0.838969845466 
138 494 0.833573464525 
730 389 0.844251388182 
118 912 0.841228617382 
115 270 0.834512798752 
729 155 0.848909307888 
412 324 0.837922814447 
305 759 0.845118205279 
888 718 0.828796975503 
369 890 0.829702181031 
66 486 0.842927877457 
115 888 0.831949680677 
235 421 0.839101984565 
797 532 0.841781721939 
376 242 0.826141891421 
887 74 0.843791628094 
782 562 0.844702814309 
736 27 0.826640271095 
75 179 0.846073316375 
332 565 0.84556454025 
656 791 0.846381845198 
172 746 0.84549425924 
295 440 0.846375787052 
656 731 0.843923886114 
284 804 0.842589881758 
114 109 0.848231544252 
123 558 0.835871138259 
58 324 0.849636356752 
18 61 0.841946959932 
415 473 0.840539079768 
264 797 0.848228955501 
838 864 0.835693009423 
12 60 0.841956779101 
451 736 0.842575821251 
290 313 0.834387514823 
26 220 0.849588579154 
770 530 0.825860597559 
11 885 0.8293846179 
524 852 0.828532890921 
28 682 0.842492449064 
147 61 0.831769373661 
873 41 0.840719137101 
290 148 0.837188797358 
160 674 0.829488765706 
83 601 0.830368465758 
560 263 0.839778237002 
18 49 0.832120385525 
139 690 0.836220177966 
233 647 0.809972824811 
406 503 0.847221818038 
160 562 0.848000881446 
761 332 0.849944891148 
581 671 0.833213335264 
176 367 0.805897802285 
859 306 0.847796369084 
247 439 0.849669165981 
262 193 0.841418572389 
792 34 0.844896240614 
655 328 0.846357373218 
833 472 0.839943153174 
840 787 0.839021673514 
185 884 0.827956186427 
645 796 0.827817377738 
797 851 0.809952139779 
162 278 0.848851161262 
691 147 0.84233591074 
445 207 0.840869178721 
738 367 0.796766117826 
92 456 0.820750615902 
819 494 0.846938249864 
782 205 0.811569702994 
242 339 0.834961111383 
887 761 0.841180653623 
748 718 0.830534404432 
582 613 0.846082989093 
556 730 0.849709647355 
383 538 0.845555847436 
844 49 0.820298964182 
220 171 0.846857188263 
233 317 0.833060761 
687 476 0.842257567408 
68 796 0.838587246357 
632 640 0.847868579435 
548 738 0.827034294961 
764 636 0.821154260137 
576 613 0.828112014539 
135 706 0.845832532696 
761 796 0.823204400747 
904 724 0.838235974549 
305 379 0.836170104774 
306 200 0.848837092249 
233 158 0.849852352004 
795 738 0.832980434828 
653 452 0.836704672534 
707 787 0.844519679443 
369 178 0.828560561652 
888 729 0.849206113854 
139 562 0.843252944463 
319 206 0.818488487766 
738 189 0.842649840462 
617 801 0.84321350763 
785 254 0.847998611827 
64 732 0.830170008219 
79 822 0.838346670605 
805 796 0.83854534943 
873 631 0.840870840134 
890 244 0.849198617642 
79 565 0.847141209768 
138 296 0.839905257079 
363 804 0.835497896401 
254 224 0.838555400969 
139 239 0.836237635706 
638 294 0.834144929635 
403 41 0.839410841587 
734 49 0.82298903817 
226 49 0.827457607506 
461 106 0.832705499356 
111 734 0.849400476155 
343 872 0.825824741892 
796 132 0.84881697587 
72 105 0.82676919203 
84 178 0.847368160905 
160 791 0.836300539377 
601 851 0.846249812089 
96 273 0.837068475895 
838 396 0.848961066972 
750 420 0.817894194643 
339 536 0.848674193902 
528 771 0.821402639549 
796 57 0.843672111479 
687 733 0.842865424548 
252 701 0.816030584091 
753 783 0.816859968227 
295 54 0.839182395598 
152 49 0.828904889909 
736 525 0.82839088684 
382 731 0.846333214911 
736 272 0.847992021717 
499 819 0.841409556808 
210 693 0.847413467447 
904 588 0.834698283065 
753 296 0.838229023268 
487 120 0.80309445136 
148 753 0.832933092664 
560 726 0.847262227705 
28 379 0.846946436582 
139 316 0.822340790109 
623 116 0.845041083897 
252 818 0.827863521742 
336 503 0.845891834182 
343 345 0.829097092467 
3 396 0.84326270601 
179 512 0.844901607295 
176 261 0.836065776961 
436 275 0.839816716575 
718 600 0.839949551339 
825 331 0.845088618375 
279 530 0.842143999955 
133 584 0.837833267056 
909 5 0.836727375268 
178 49 0.847849126862 
483 913 0.835392428153 
840 406 0.845423731225 
661 397 0.841836935485 
347 65 0.823091792105 
536 439 0.826865749775 
315 179 0.843130583008 
750 402 0.823707687589 
646 456 0.842326855316 
524 132 0.823601768467 
264 736 0.84570800181 
338 811 0.832169027708 
619 388 0.849218714932 
349 864 0.839268700535 
49 856 0.823498670077 
816 92 0.846022637473 
123 147 0.844988884146 
118 161 0.838581397735 
338 192 0.844781769131 
815 270 0.819861543928 
321 409 0.845835199157 
871 811 0.824444790703 
834 804 0.84878491923 
656 790 0.846375706195 
796 15 0.848402987115 
323 229 0.842491962077 
331 673 0.827888215952 
1 174 0.841597569584 
686 615 0.841100593984 
12 507 0.844912170759 
345 106 0.83466819021 
870 40 0.83765549108 
238 205 0.830116232107 
584 682 0.84075228399 
319 40 0.810280043834 
624 115 0.828285342793 
135 329 0.838507293591 
903 106 0.842521368137 
806 254 0.847716685984 
290 912 0.848478072239 
771 221 0.839856912905 
200 497 0.844361302258 
238 476 0.836775518352 
135 452 0.826048356515 
632 811 0.830492793897 
139 152 0.827134461833 
764 808 0.819094244833 
339 451 0.840901040935 
623 568 0.845758669448 
321 178 0.839024426037 
292 738 0.83721847619 
515 849 0.838740188295 
238 615 0.839011056053 
295 746 0.839657307977 
305 740 0.818527836096 
753 827 0.824680964209 
873 722 0.837478591391 
291 73 0.842353493308 
709 7 0.838464698744 
105 367 0.807242388293 
673 105 0.821846927365 
196 796 0.839225161697 
739 752 0.827220114514 
738 269 0.831310425445 
382 148 0.83981798118 
65 70 0.84795775218 
736 863 0.838706362861 
907 120 0.827230387774 
26 244 0.844396214002 
339 767 0.840536859146 
569 121 0.849402251892 
616 49 0.844387317052 
389 7 0.830935967403 
550 324 0.84097665439 
347 186 0.834011420766 
799 890 0.833789433281 
499 526 0.831549925739 
872 601 0.837358032646 
903 121 0.836036714512 
376 226 0.833718857472 
109 142 0.836598473704 
871 269 0.831749836068 
395 121 0.836000369215 
654 601 0.845997226889 
782 74 0.814917747604 
348 467 0.848429144922 
233 15 0.817829577687 
783 512 0.846346964279 
187 761 0.818113597373 
702 726 0.848072628234 
290 133 0.82861070277 
866 142 0.843496187708 
436 407 0.827570520726 
369 530 0.814668339509 
156 367 0.83538693785 
647 729 0.845638451942 
291 506 0.832723327224 
635 61 0.832815612577 
536 512 0.831440934129 
868 331 0.834754199783 
262 489 0.837238267646 
587 486 0.848729997454 
840 752 0.837118562921 
114 526 0.84137097531 
92 63 0.847841765208 
179 49 0.82977621486 
392 791 0.849300232445 
632 852 0.836350687353 
10 115 0.84546467474 
291 678 0.828891658016 
67 801 0.846115192176 
421 121 0.832683921799 
92 818 0.828328734811 
57 105 0.841276431832 
235 86 0.821095122402 
782 654 0.836899407764 
376 269 0.830437906338 
408 71 0.842396403989 
653 680 0.83238471841 
799 832 0.847874146812 
770 57 0.833734769096 
324 224 0.849124316553 
382 548 0.82525387949 
190 367 0.847809362366 
661 798 0.837593514416 
114 804 0.820047740353 
782 303 0.821085878303 
200 174 0.828017193756 
588 115 0.841030729838 
321 756 0.833995803731 
797 588 0.811980986583 
262 484 0.840846145327 
220 177 0.842626332504 
160 447 0.835340208095 
74 904 0.842392718892 
233 604 0.835025597676 
412 882 0.845393949187 
536 144 0.84586050299 
782 683 0.838533913836 
348 229 0.844533588767 
817 252 0.846282529118 
321 497 0.840929882026 
345 200 0.845877518438 
358 40 0.847199513275 
748 503 0.837990019733 
578 339 0.848262022576 
84 774 0.847111309524 
24 740 0.843592478103 
338 540 0.832640439039 
139 888 0.823105250094 
362 252 0.841002477862 
797 242 0.814908861118 
609 844 0.84690152161 
355 252 0.836768727339 
739 117 0.847321904676 
538 115 0.842204018691 
218 647 0.820948187422 
818 396 0.840945928752 
3 289 0.84635604507 
96 798 0.832669286975 
484 796 0.832967546325 
753 608 0.825650511384 
750 38 0.836552339112 
810 411 0.839406434012 
792 106 0.838158556219 
426 389 0.844251388182 
481 864 0.830104908726 
242 7 0.834965128838 
28 851 0.835891403994 
582 731 0.84365268525 
873 54 0.824082197493 
12 631 0.839418546269 
766 562 0.844702814309 
319 783 0.805005140793 
739 634 0.835159621822 
200 733 0.844784671071 
910 718 0.833264250553 
315 817 0.846690847472 
724 467 0.82962112094 
115 731 0.834009171789 
290 394 0.835977971479 
334 304 0.846863000472 
48 106 0.842856231234 
641 624 0.849921252001 
123 713 0.843500783618 
815 72 0.810642960137 
782 630 0.819498200744 
226 218 0.847935664147 
8 396 0.848713533459 
464 897 0.844482819944 
691 46 0.825400992947 
196 581 0.844515602304 
819 878 0.845512433891 
877 855 0.848586021642 
71 396 0.845532802672 
266 581 0.848454344219 
384 694 0.841711177538 
560 525 0.839944252857 
799 498 0.840059593579 
305 409 0.83778235321 
74 585 0.840383258801 
728 767 0.841562793306 
649 49 0.820298964182 
687 853 0.837252705202 
782 484 0.826693680518 
591 221 0.846866030574 
156 5 0.848863449774 
797 476 0.822780688474 
886 364 0.837698662909 
496 111 0.846395981988 
49 733 0.82398363152 
798 138 0.842111468101 
799 461 0.824462501724 
408 456 0.827289273985 
69 257 0.841035400568 
657 801 0.84321350763 
207 367 0.841623803673 
702 294 0.845982358682 
432 445 0.838462280471 
53 78 0.844191293435 
449 278 0.841505249451 
101 693 0.838782321089 
815 10 0.837214476213 
12 469 0.84836197093 
331 872 0.823269043257 
868 864 0.831995738233 
449 206 0.848062045397 
49 206 0.821026541828 
771 582 0.843982563429 
79 562 0.843418417633 
560 456 0.839348810921 
321 767 0.832596586197 
515 604 0.84688042511 
343 476 0.843049885511 
609 227 0.83498182995 
904 628 0.846825783131 
326 752 0.832603520678 
290 511 0.846031313581 
187 678 0.814790808875 
99 323 0.837180027952 
764 294 0.828761523471 
748 324 0.84097665439 
43 489 0.844494487664 
894 8 0.840504593994 
763 445 0.838462280471 
135 769 0.835292298043 
461 218 0.832270124016 
687 132 0.839663413531 
123 261 0.848035431856 
187 242 0.820093888228 
525 581 0.840412803896 
319 100 0.834812276512 
780 753 0.842440776099 
135 171 0.831711725965 
766 683 0.838533913836 
576 5 0.820574737783 
766 507 0.840458035762 
218 226 0.828909490545 
328 634 0.849014258715 
436 398 0.829599364159 
238 312 0.839750379672 
827 503 0.844346512159 
871 790 0.831546463391 
84 816 0.844050534956 
289 636 0.825505157883 
342 439 0.846291075281 
449 689 0.839688761404 
347 842 0.835327984578 
815 838 0.814779437175 
836 115 0.846596607172 
570 116 0.830308824089 
187 578 0.835348533929 
584 498 0.840059593579 
715 115 0.82347856577 
247 738 0.847591717607 
135 568 0.819889240022 
870 54 0.83829452179 
581 490 0.804234555874 
321 41 0.847463687533 
347 669 0.815000596301 
115 242 0.828938318811 
861 446 0.839774010631 
718 211 0.836474129391 
584 793 0.826993903332 
118 787 0.821766926399 
490 106 0.834845585295 
636 331 0.842746800835 
305 630 0.831353028178 
540 396 0.848817424543 
220 663 0.84922946433 
866 772 0.836364009377 
449 674 0.848507562113 
387 783 0.837556742818 
632 879 0.83161833635 
464 456 0.827037385728 
656 316 0.837170032913 
576 31 0.834942936864 
730 746 0.848313456365 
288 577 0.847927242993 
750 634 0.826553033354 
367 380 0.847769891468 
669 286 0.843016188332 
645 502 0.842894071681 
523 746 0.840544906902 
696 161 0.84003126758 
798 252 0.833566921373 
549 796 0.847341793176 
656 777 0.84851635422 
804 636 0.842754404527 
136 679 0.840308651875 
106 456 0.846694722732 
686 682 0.840497356866 
319 688 0.836935211692 
898 581 0.845305217905 
691 278 0.797846376312 
703 882 0.844593693427 
601 872 0.849213150087 
661 818 0.849546595357 
182 582 0.848820896646 
79 54 0.828181206981 
687 367 0.826124181321 
576 589 0.827722827814 
118 345 0.821372855462 
754 581 0.84912429879 
218 86 0.820814421173 
738 536 0.812888031166 
560 810 0.844921836131 
315 15 0.838465644732 
49 30 0.84831739633 
187 874 0.839860551804 
737 581 0.848675237522 
193 864 0.837276680191 
864 808 0.817785949319 
851 124 0.836896392356 
369 733 0.830889386454 
449 40 0.839853601464 
315 783 0.825641207837 
815 294 0.834144929635 
296 124 0.849266792468 
338 3 0.828830265577 
792 380 0.846453480453 
355 167 0.847672984487 
147 286 0.845505868394 
397 738 0.835128216315 
115 48 0.849373069398 
575 339 0.84645654101 
24 708 0.843900119714 
109 852 0.83343194804 
254 568 0.848068757822 
331 210 0.832392537242 
111 578 0.84008092615 
187 868 0.828988010198 
840 379 0.843446946591 
84 906 0.845183029946 
876 7 0.839664735405 
160 60 0.840800711242 
279 278 0.848851161262 
233 914 0.840312155489 
218 473 0.827998102 
638 192 0.849797236998 
532 582 0.849892328668 
797 329 0.836735199095 
271 303 0.849959758793 
540 207 0.839422620517 
305 206 0.8303433152 
445 515 0.848495045176 
382 41 0.843241477072 
515 433 0.838776777844 
321 844 0.841474586572 
421 502 0.84684626452 
144 86 0.838102379615 
335 794 0.845590170341 
43 341 0.8416039551 
