4847
6408
4691
3621
5952
4943
3191
2154
3909
3723
2694
838
1569
4004
4334
769
1965
4570
1653
69
6592
4527
2174
3746
6360
5498
1767
2538
1268
5819
1661
2535
4534
34
1674
6200
1101
5675
4915
865
758
3162
4005
2055
151
6262
1286
5158
6632
3593
6184
6908
4516
954
3499
4481
967
1023
1396
1198
6567
732
1289
2307
4636
2289
3836
3150
6461
1319
5537
445
6671
4040
2237
4020
3211
5661
3822
252
3471
5635
1102
2229
6786
1648
917
2517
366
4950
1149
6042
6898
2955
2867
5319
3002
5504
6677
6529
3854
4228
2014
5662
3991
2250
5755
1556
920
760
3444
1590
2970
470
3611
4035
716
5979
236
3894
4970
3117
6599
4054
3230
3481
5587
2493
3386
2726
5073
2745
4319
3227
759
1034
475
6842
3130
6879
1535
5933
3341
6905
3219
5205
3320
5474
4897
4554
294
2781
868
1617
2088
6638
5252
5660
2422
4955
6620
943
979
514
4543
4289
391
1911
1431
2602
1210
438
4
6858
1163
987
675
6356
1452
6458
5257
2287
2386
3147
2957
1270
5483
4240
248
4976
5693
2333
4852
5732
568
3627
1579
2796
5242
2200
3372
137
1167
5105
5523
6245
2758
5114
2004
4201
641
6136
3306
100
5670
4845
5572
448
2450
4341
3607
582
395
1850
204
6303
5386
2114
3637
498
5596
4133
1307
6098
1325
2568
3368
3228
5409
508
1448
4499
433
4215
265
4299
848
1644
2214
5908
6152
6257
2704
3422
550
3120
3868
6811
4812
5201
5885
1939
5185
1881
3739
4869
6382
2802
2642
4474
5551
4158
5372
4795
4144
457
4458
2005
502
3824
4545
1779
1302
1596
4324
715
2617
2707
3012
2256
1562
4764
1896
3765
2959
4898
4052
2395
4255
3906
249
741
5590
5156
340
2350
6148
3800
1813
1974
4986
2584
5453
820
3207
1373
6665
727
5532
633
6629
2604
6673
5437
1179
5691
3410
5354
2562
5737
2759
6344
4514
572
918
2786
6333
2870
2384
2610
2746
3063
6754
2942
494
5369
3165
700
3135
4421
1038
1955
5136
6127
777
5618
5146
5149
5022
2557
3587
1280
1773
1024
2794
1166
2465
3759
4097
2246
3434
1997
862
5352
4401
5161
6693
4688
2811
5224
857
4460
2712
3469
2462
4723
4627
5778
97
6674
4552
1852
6004
1480
739
1303
3382
1619
4801
5157
5567
3865
58
1867
6328
3959
4567
4601
4453
6357
1450
364
5039
6147
2343
5468
216
4108
3821
1544
4956
2928
5694
5189
2609
4872
3884
4785
1553
3349
4314
5584
590
5621
4537
2347
2405
4416
3710
6134
1093
4704
1952
6687
3722
1291
5704
1416
6841
1256
5562
2152
4274
5738
4119
713
6713
3214
4800
2028
3589
4619
3763
6006
5486
6788
632
506
5620
24
413
5284
4313
1372
1384
1756
6884
5786
5415
2137
6189
6271
4259
305
6826
3555
745
1588
542
4131
1340
5937
3463
6002
2986
1292
4720
1984
3510
2194
2546
2836
5133
3666
4442
2883
2692
3226
3175
1637
4490
4631
1086
1417
639
6483
3476
3392
4837
5586
2591
5728
1135
4766
3125
5127
2845
5456
1205
6212
3640
6862
321
6172
6654
963
3352
1112
1329
5035
1170
402
1262
3970
5785
6703
2635
3358
2102
5210
1294
6500
343
2162
3244
560
6090
1454
3537
2581
4350
111
5027
6728
3353
3687
1918
5857
3451
852
4438
1185
407
3535
6146
45
291
4410
4368
5680
6213
1640
5134
3400
1068
4414
3070
6827
3472
5613
2126
2379
1554
3878
1349
4134
2013
3696
3832
1672
2077
6040
1822
3061
2935
6539
1255
4391
4408
6400
2803
652
6515
2834
4676
6469
176
6234
193
6346
4258
5088
1400
89
4222
1862
6778
6347
6546
828
6630
3741
2944
2847
1497
5513
5650
5413
5696
4914
537
6027
6652
5040
2502
29
1953
3043
3464
2471
2459
4156
3678
1574
4047
5929
6586
2593
2288
3672
1951
1499
2159
1116
729
2480
779
4646
673
2092
2232
4377
1682
799
1873
3006
1218
1636
5879
4693
1996
1481
4095
5603
6390
6533
6528
2430
625
587
748
2201
4089
2904
1509
5756
6022
2008
1410
2060
3359
1247
763
3500
1826
5665
558
1232
847
2962
6794
3336
1490
1148
6649
2709
3965
4466
3932
1133
125
4187
4176
2718
6348
2500
3869
5705
6695
4009
6034
4088
3313
1052
3427
6711
2869
2242
5137
4509
2394
1323
6577
3708
91
3143
6288
1936
2880
4046
4658
6624
5308
1641
2660
3346
20
6774
4816
6370
5273
1971
711
172
4726
6621
2736
2262
1753
3494
6441
4355
2176
4782
4787
1789
4945
805
6338
6214
2224
4616
3172
3037
6258
2218
177
636
1241
3939
2143
4662
160
1031
3888
4204
3717
2639
5332
477
5432
746
4066
3288
3929
1234
4224
389
4600
1761
4261
3712
6732
2029
2470
4245
3262
2831
5602
898
3559
3432
4264
6166
459
4321
2148
597
3528
999
4596
322
3945
109
2741
3673
5817
1821
2
1228
4152
1351
3786
3813
6440
993
5553
2316
4454
6559
5781
22
126
4546
6832
4402
5402
6607
1628
2734
6435
3402
6896
6389
3299
2180
6636
496
6278
3984
6610
1181
5250
1111
6548
1547
5208
5094
3664
4930
6742
2975
5215
3966
5356
5868
2213
6907
4714
1629
417
5062
6690
2532
6872
5668
3010
3087
6887
1899
1729
3181
6619
6776
3956
6129
3254
1082
680
788
428
5953
3145
3189
1084
4984
1665
3877
4387
3474
4502
4178
2927
5720
1575
411
4403
2436
6256
5595
5944
3084
2777
3837
1879
1501
6476
3413
4621
3389
2663
354
2647
529
5987
1716
1788
134
3809
5147
4946
3682
5049
4138
378
6626
3170
5583
5606
6276
1523
5195
1037
4344
1817
4790
1857
3775
4536
6562
1422
4102
1882
6089
2238
6560
3826
3093
834
2793
2902
1355
3355
3891
1113
2282
6313
3119
6922
5095
1403
6250
5218
3308
5709
6029
6875
329
3614
1565
1136
132
5288
6373
284
382
504
14
2303
5828
3334
3792
6414
2335
4053
1158
4315
3709
2864
4061
4503
4772
2397
6724
4428
3448
2364
5927
1613
6622
5589
2631
2657
6165
2510
5874
5152
5059
2474
5581
2773
5878
1526
2035
5527
1669
4017
4740
336
2417
379
6231
5765
6354
2215
2973
5126
3985
4010
1140
704
4908
1042
3876
271
4746
3794
5081
5619
3505
1853
272
1172
313
1812
2357
735
2903
5338
1263
3573
2295
1718
3665
5648
5448
5642
5956
168
152
2446
1281
5793
1408
4524
1287
5071
3848
3582
4279
1048
4287
1233
5452
5528
1522
6375
3550
2599
2255
5633
543
6541
5609
792
4581
3690
2884
1467
1774
5611
5066
1238
6823
596
60
316
3233
6679
1511
6804
4196
155
4444
1722
23
1057
3184
4974
3003
3659
2414
6343
1558
3845
442
387
5392
4911
2095
228
3910
276
3208
796
409
3263
986
2636
4573
2128
1705
2175
6917
4775
235
6688
4744
5309
3754
1601
1743
4050
5454
2841
5113
3808
2331
946
5600
11
234
4831
3370
3760
2600
4938
1670
1975
3213
1463
2789
6103
5175
6078
4848
4443
3972
4901
495
2130
385
3943
6207
185
4118
63
5935
312
6352
4126
5344
4328
1956
2221
3158
1667
3737
3136
3178
6857
121
3747
5548
3586
6371
2038
5989
2015
6030
275
5086
5112
1123
2730
3598
3648
5400
6209
6128
5816
3726
4931
5183
28
3039
4910
4292
1145
2399
2449
3592
512
3187
6091
3973
4367
1337
4277
897
4561
3183
783
1440
400
2977
352
6575
2988
4579
4424
5653
414
1041
1357
4331
1243
339
1921
767
5475
4613
5160
5222
6482
386
4493
614
535
5274
2085
523
702
822
1727
3441
1865
3203
5849
1162
1105
6863
6556
4465
450
2771
1507
2682
2525
4389
2615
3169
1693
3277
6107
2170
2336
5265
5914
4190
517
1704
127
2659
4550
4398
4519
4323
6118
1741
277
3044
2424
5823
4669
3971
3928
1077
2542
1577
2826
1949
6395
2566
5533
43
5864
420
4555
2965
4307
3652
2550
2431
6918
3948
6789
5154
392
5211
4838
6925
615
6878
3583
4606
6866
5656
2150
1
5695
2711
6459
4235
5951
976
2563
375
258
4732
6161
342
611
3699
2790
1754
3246
3398
361
3858
4431
3354
906
3782
522
4233
4578
2244
676
4868
2202
1938
653
3853
3058
5835
2755
5025
4907
3701
4327
4145
1053
5003
5568
1367
6137
6141
5045
879
2219
6554
1189
3204
6130
2362
3090
1969
4981
4863
3376
2089
2178
1424
4768
3276
2724
4448
5905
4686
2501
6330
4993
3575
1691
6012
778
2699
5730
5451
1537
3719
1304
3595
1327
5579
98
4611
5954
1604
2760
3562
2396
1809
6071
5333
1592
2456
4774
415
2342
5977
2645
3092
6803
6178
2551
3979
3608
3810
3038
1571
2503
4793
1137
335
3915
1290
380
2210
2843
912
4743
4171
1531
6579
1432
1388
5858
3118
5744
6332
6317
6275
4891
6339
3396
3455
4441
3265
1217
3787
5685
5461
3156
4130
2319
5200
566
1723
1609
3305
4037
4225
6818
1736
6182
5573
6831
6464
2997
3986
5323
656
2390
6314
1430
5841
1415
5499
1990
6501
1533
540
99
3793
2212
5750
1144
2404
1138
2531
6088
1020
2421
5067
4695
4468
1689
3442
164
4217
3576
5965
1528
2951
638
374
6383
3198
4708
1587
516
6150
2327
5663
4479
5020
6093
4370
6877
4630
659
3132
2466
4363
4727
1197
3286
4851
3302
5342
5920
3188
6535
3992
6819
2054
1708
2879
5235
6763
3735
308
6894
1967
3677
5636
5245
3642
1438
3488
3548
731
1021
2063
2406
4269
3100
2068
2967
6570
6399
2377
6911
2120
6588
4683
4420
1472
1606
5525
1177
6372
5818
140
96
6011
804
3720
3963
6612
1608
2468
3015
2537
604
4729
4411
901
1449
4541
6175
4031
3465
1623
3176
3094
4049
6916
667
4881
5976
6379
6564
4378
5753
3925
207
6473
2444
5724
662
1845
2751
6771
4821
2678
2065
4257
6153
5495
2861
698
2127
6116
5601
947
6304
3260
5336
6829
2937
5502
108
5904
4814
6415
6717
5808
795
6218
6272
6733
4122
1825
2389
2318
536
5863
937
4063
1099
4166
6037
2097
5000
3114
424
6518
5251
4937
51
2798
3515
4449
1131
5522
5932
6143
3460
5012
6538
592
3957
1095
6173
507
3301
6729
714
6302
1399
4936
4337
3283
733
6766
6843
1369
6
885
2117
2330
817
3613
6772
520
1220
274
3630
1933
4878
6024
2673
5713
3366
1777
1227
1778
5469
6135
2539
492
6010
2608
3430
1872
3680
5375
6439
3697
1849
5646
5010
5241
3980
5202
2325
2859
3578
5005
6595
410
3475
2098
6736
3343
3258
1878
3546
749
4849
1642
5794
3671
2769
5069
6154
856
3236
5096
1405
2495
1365
1759
6573
1282
1134
4364
5939
3085
6531
4374
6670
287
2046
6512
6594
3541
4175
845
4208
1748
1067
5142
1379
1760
1589
1132
1437
4961
3778
1502
6419
2747
5487
5918
4452
5684
6802
1466
751
701
1252
3456
4086
3069
4336
5482
2882
397
6369
4388
128
1484
2122
4043
5368
557
4213
148
2103
925
1905
5054
1762
4000
2735
2168
942
81
5383
2985
1045
1886
553
1525
4075
4698
1022
1783
1070
2348
6481
17
2666
2211
253
5801
4568
6605
3098
5917
3029
6587
671
6714
3096
1983
3531
6246
3533
1885
1413
2924
6239
3501
5104
2367
5121
220
4141
1332
686
5103
829
1194
4939
1663
4397
3552
1594
3645
1597
4679
1019
3590
489
6151
2131
4203
5897
5431
3840
1808
6745
4584
1976
2270
6708
452
3269
5891
6617
3185
6494
296
331
1999
4412
5875
3731
4680
1139
4738
4928
6669
3523
1435
4728
5594
1328
5276
68
1586
5364
2623
5651
393
527
1922
3220
6045
1054
844
4154
144
5411
3266
2677
3913
2227
1730
5140
476
1934
5845
4747
1378
4369
3195
1221
368
6477
1751
106
2637
4807
6813
790
3743
3466
4507
3940
4080
6479
6699
2667
1157
2186
4649
1465
3036
3404
3597
1027
2592
1801
4282
304
6326
6581
4629
1005
630
6284
5947
2695
2381
1183
2518
3927
4900
2618
5260
2147
4690
2053
4077
6660
4168
4521
4160
1847
2297
2279
5006
5268
4165
3280
2022
904
4810
5760
4657
2006
6722
1306
5297
6219
6725
5607
5046
3817
1573
4019
3933
4604
6001
6543
454
2278
6571
4856
6109
1171
4733
3242
133
992
4415
225
4027
1656
3391
37
4888
39
693
5464
5064
1988
2082
306
6260
398
3053
3693
6119
1725
629
6527
72
6903
914
1000
1464
6719
5764
474
5655
5683
6751
3679
4694
1446
6336
1638
5017
5254
6904
5193
6625
6519
5844
2513
5536
4120
2999
664
648
431
2374
3751
3395
4873
6205
858
3106
6177
4512
5287
1925
5213
1612
5983
1710
1118
166
5510
6318
725
6453
1820
1620
1923
4927
1859
6033
1386
6738
6467
1409
2187
2728
1219
984
6422
5438
577
1209
3777
6668
996
2298
6790
1914
6181
5971
1491
794
3732
262
3234
5281
1838
4544
5717
2571
4844
2934
6893
781
1122
1125
1444
5659
3250
3034
1062
922
4447
6656
4422
2698
3190
1993
4920
2577
6364
372
6800
1049
6410
1333
1890
2487
1966
1908
2627
991
1839
3168
2301
1598
5723
6327
1726
2723
2075
4083
1720
5221
2499
5099
1815
5978
4359
4826
4475
2812
2993
6886
853
2185
2662
5239
5708
2392
3603
2588
2076
4522
38
6121
6095
876
1366
6706
3111
3964
4357
1036
1659
5312
1750
4482
1655
1578
6160
4335
1599
1269
3052
1797
4174
2654
6824
6658
4059
5305
4899
3470
1451
5899
6707
1829
5688
215
3051
621
455
2135
6168
2119
718
2838
4001
5462
1326
2872
6568
895
5578
4622
2821
2991
1151
3296
2309
6855
770
3004
3588
5625
2653
6488
3425
4617
4099
5628
623
1311
2125
6480
6361
3144
4562
6462
5249
3206
3838
311
4725
3013
4461
4892
1193
6817
2426
6768
3873
4994
5394
4272
1212
6368
418
2457
6131
2779
1436
4218
5313
317
1184
4734
1474
4293
4459
3995
4276
4236
3508
5682
77
1317
2447
5714
4789
4640
972
1204
5467
670
5689
1529
6046
1784
2036
4295
113
1863
324
2204
2110
955
2506
3734
5116
6274
5747
2505
4941
5267
2190
3337
6007
3883
5673
2269
4836
5055
5110
371
3008
5980
6885
1610
1831
1616
4406
2992
5517
181
6066
4675
660
2511
4822
1785
3755
2375
3079
18
3014
3387
563
913
4760
4248
283
5968
74
6270
2573
4645
2428
1284
5302
6900
2302
6603
1142
3112
4193
2099
486
5129
2033
1855
3977
32
1058
5598
4724
5782
4243
1799
4722
559
278
1025
4780
2784
3324
4230
1724
5204
6055
966
744
6287
6418
3629
5395
3670
5275
430
200
1146
3988
3599
2804
237
3281
2964
268
1739
545
5563
605
1115
839
2871
5057
35
721
3886
6912
165
5014
4483
6335
6524
6016
242
3124
2338
5508
1782
5757
365
5091
5001
6298
4352
2021
2169
5052
518
443
2206
2207
1308
1745
571
3812
471
5679
