4232
1668
3066
4173
2899
5269
260
464
3440
4906
4887
4206
2931
2742
3503
5051
3534
806
2565
4109
4199
2388
3112
2512
3863
3406
4139
3549
5673
2056
589
2649
5959
3190
699
4742
1904
5438
440
5639
2157
6439
3850
5739
3292
3285
4674
5375
5506
3560
6341
4802
6760
624
2354
684
3631
3630
2389
5674
3369
5339
2630
581
5110
1825
6926
4033
274
1848
594
2923
6530
4620
5930
5198
4439
2196
4590
4237
3700
2179
5065
1160
3657
682
6365
4268
1063
2132
257
5075
2576
2033
6297
5473
3525
4880
871
4484
1385
977
2890
4637
6565
5748
3636
5938
4808
1925
5964
5921
6704
1874
6243
6740
6316
3866
1178
3698
2757
4635
3661
86
4653
1449
5762
5904
5403
4797
6008
742
6454
2589
5291
5370
5827
548
5804
4296
6705
3326
5547
2716
6770
184
6176
3728
1864
2838
2111
2439
5247
6291
708
4753
3491
5951
6253
4511
6796
6715
2634
5000
4238
4614
5501
1814
4487
2840
583
4865
5796
4589
4819
718
5274
6852
4506
1089
2521
5803
426
5678
2139
6521
6876
802
4473
1945
5874
2416
6883
6602
4526
2905
4575
1124
3762
832
4480
755
3582
1578
3615
3026
620
1615
1906
5552
485
3298
242
1376
2490
5531
4605
4101
7
3689
1721
3072
4400
2815
2640
4356
3536
5574
6734
2919
6589
6839
299
1794
4660
6582
4203
5078
1203
6377
4491
3564
4996
162
6242
3502
2243
3327
3922
5422
4942
4488
2453
5795
6741
4710
5649
4966
5430
6092
6050
798
6064
1661
2952
2963
5852
5986
5701
882
6306
6282
5970
5168
2696
1733
3532
5784
1258
6185
2573
1823
6666
3990
2338
2193
3404
1706
6425
4926
4372
6875
2913
2467
6320
5378
6056
3030
2305
4376
3403
2885
4572
421
1600
6039
1924
6108
1261
460
4305
241
5811
2807
2346
4958
5816
5863
1214
6217
4042
453
6606
5895
5809
6461
1182
5177
5089
493
3330
2101
3274
1861
5025
1235
2223
6361
5264
6847
2515
5798
5854
5990
4075
1766
2541
3363
903
4220
578
5044
4749
5554
6187
4167
3107
5230
1870
6023
4618
2337
5292
1659
5858
4780
5318
3844
3816
2507
3497
6870
3098
3833
4721
6612
1549
2606
5735
5652
6628
6709
6792
3819
2684
2322
6489
775
1791
4471
5306
4615
2178
5285
4920
5966
3398
2437
5101
3416
4251
3770
6785
192
3089
576
4912
809
612
6227
5335
902
2240
4896
2731
2648
5314
5702
6299
1602
1341
6496
3529
4463
146
5003
5856
4772
2619
3348
5203
4741
4783
3893
649
1300
5850
3941
3362
5505
4162
4971
2484
70
5144
3481
2860
4707
463
4165
3077
5289
2311
5462
233
2798
4528
2579
2922
2596
4290
4767
1002
855
2809
1492
2010
3060
4918
3255
6032
3257
2514
3667
5107
6485
3110
1990
4599
5321
1966
4218
3125
5730
6759
2097
5367
4124
6241
588
6302
5919
6162
2146
2750
5707
6109
3437
810
5166
4214
1707
1454
769
1388
945
1655
5851
4532
1810
3339
1603
6388
3713
6130
4862
6044
5797
6094
5365
4142
2074
5559
5890
4304
2144
3476
3594
2394
4209
3740
2664
1071
3480
5520
2881
5772
4071
1684
497
3856
6664
3789
1679
279
5944
5675
1605
2401
359
870
4127
3629
4592
4860
5988
5038
6686
3108
3620
6657
1346
1747
5296
3596
2930
2916
1819
4577
4065
360
3885
2316
551
6643
5600
3565
76
3405
6045
3499
6157
4948
406
6054
2617
5116
3157
4649
4234
3776
5751
5782
3676
849
2539
3246
145
4085
1269
5032
122
938
1333
4881
3199
2670
6194
644
6850
6753
5836
3799
5346
6483
2827
2061
5026
1521
591
1931
6310
1998
36
1184
3140
2289
18
2569
5248
2324
2895
3233
2972
1231
547
5350
3694
833
6585
4171
3054
1614
4697
6775
1006
5766
4722
5002
1165
3654
6005
747
5311
199
5187
2966
5972
2049
1478
5176
32
1514
4915
6326
5695
6249
3840
4117
1073
1780
2149
3798
6551
5061
5327
5815
5899
6248
1928
3974
969
4479
5928
3147
6689
6731
2172
3304
559
2177
94
4116
6353
566
5752
1573
6618
1309
1835
490
6188
6223
1026
5426
4286
4565
4544
2283
5093
393
2961
6828
3024
3936
237
3350
5974
222
5010
4933
4265
5820
4873
3886
5808
3571
2529
3520
2275
2083
2317
1919
1828
2978
1847
3659
626
1398
1513
4090
528
1876
341
6145
2749
4252
561
5451
5563
2896
5577
4769
3223
4017
6501
4005
5431
5785
5302
4087
6707
5898
1962
2686
4693
3899
1436
3495
5171
6766
4257
2871
6634
5924
2766
4743
6726
6342
603
1926
4072
1104
947
6203
6654
4734
1666
5357
5270
4760
244
1860
1027
5481
5939
2524
5489
3033
5160
6128
3646
1786
1005
1487
4586
4990
2841
719
1188
5609
5361
1813
6322
1978
3917
4776
243
5757
3558
2402
4973
5412
3999
4538
5479
2237
4805
4433
3452
4580
5295
5087
6498
3871
2165
5958
3772
6142
6419
4299
6307
6046
2202
5968
5917
6695
3925
4539
1715
3984
5428
4791
5180
5490
5553
6318
2658
3591
4235
6051
6545
2445
5560
3179
2087
5694
6662
2025
2197
1056
1470
607
6788
1837
4249
4077
1739
5521
621
1738
6783
1382
4182
3642
3389
2650
2571
3324
2535
6578
434
571
3215
2259
3544
1532
6255
6351
1090
4447
915
1441
5148
1491
4854
3522
3937
2806
819
3691
451
901
4039
1936
1267
1462
4983
3267
5444
5985
6010
1292
826
5028
5622
4477
4665
672
2399
3821
1176
72
2378
2204
2370
352
2920
305
3445
5715
6264
2131
1599
1562
3052
5604
622
5889
6407
3003
2059
3083
1354
4597
2231
4387
3259
5789
1692
2941
2396
5584
2659
2254
3457
4941
5173
1742
1122
1211
5896
1744
4560
6500
4379
2428
6156
1467
5388
5053
291
337
2601
2625
5472
3419
4864
6568
4267
6436
3278
5934
3721
1764
3220
4185
2188
2874
5324
2854
2861
845
6061
6384
4076
5994
3294
3109
5779
1343
4925
2700
6013
3976
4038
6300
4020
4957
5761
1418
2073
3371
3538
6553
5614
1633
4476
1650
974
3011
4755
2318
6879
6918
3820
6573
4656
5267
4041
4014
4011
6642
315
5865
595
213
2707
3539
4792
2100
2429
187
873
3181
1920
1
324
1033
966
310
19
6812
5956
4285
746
5825
5910
2823
5608
5249
55
4204
5793
5140
2210
1220
1589
3848
5122
3773
2248
4369
4427
4147
2986
3265
6430
5657
872
5012
848
4053
1142
6292
1195
562
4829
1168
3115
6355
5666
376
93
3972
5923
6547
6903
4603
6202
5266
4863
3719
5094
3674
3094
430
1927
520
6000
2988
929
5843
5023
5527
3625
3663
6172
6632
3683
3090
2078
613
6
5566
4494
6160
3900
1427
3150
3218
940
2279
558
283
6027
138
2162
8
3681
6663
4897
1391
3401
4781
5390
5308
4105
5019
3931
4553
3955
170
1274
1570
4172
1284
4408
3865
20
3782
1064
3949
2486
1893
1836
6077
793
4270
61
5807
4107
5788
4335
5126
5642
3021
5545
6858
271
539
2685
3572
2622
1516
3552
4242
3256
3279
6600
5337
4777
1243
5698
5721
6261
412
1173
510
6684
1994
2369
3311
6855
4208
1537
3122
1851
507
3964
5092
3069
4871
2080
4066
4393
5916
68
5540
6204
1416
4151
1758
4192
1740
4284
3841
4993
492
2652
6331
2550
1179
6723
5035
2528
5182
6598
4007
6787
6081
50
235
1425
6480
2554
4446
1011
6345
6348
4859
136
3208
5942
2153
6151
3998
5356
2813
3940
5717
5279
5494
4709
2789
1323
1540
4295
6408
753
1717
5737
2410
659
3800
3049
6527
3815
796
346
1066
3729
4353
1299
6037
2990
4047
6012
975
521
6152
3761
1827
118
5465
3842
3438
256
4548
1621
3857
119
5244
2032
4728
2635
3601
351
4959
4877
1940
2280
1805
5310
3760
6369
6890
5580
6147
5385
6913
1551
839
2019
2819
1547
190
4243
3665
1000
2965
4542
6554
214
1972
1229
6444
5120
5121
5697
4661
3919
5165
860
3472
5190
4688
442
1008
2220
1015
6330
6278
2508
1365
1785
960
79
39
2581
4622
1782
5940
959
4718
6680
5999
6616
5243
4682
5893
3361
2075
4365
266
3237
6376
2693
6417
1303
2717
6273
3710
2925
688
6289
5386
3632
6363
1419
1366
6053
6881
1735
3154
3167
2106
5030
1057
379
387
4921
6872
6080
5637
1973
1598
887
2832
6826
2837
5623
6298
391
3613
2633
4534
1272
1264
3795
4904
4825
6112
536
5618
919
217
6479
475
5645
3436
852
5948
1295
3264
4909
6750
5981
696
4677
554
2586
3321
662
6349
2516
3317
3643
1503
4924
4702
665
3834
2345
4583
1278
6683
6763
4010
2598
1672
5189
6561
1476
4478
2688
5207
1127
1793
2833
4350
2964
95
1044
2857
3658
6611
2079
3118
5344
5631
4895
1607
4671
1472
6829
4868
5967
3207
6511
2095
3482
3622
2134
4226
4642
1903
348
290
2702
2892
6907
3038
5565
724
1410
5118
258
4591
642
2663
5415
1139
209
358
4991
3982
6517
4058
2657
82
4571
5593
4514
6071
3967
5404
155
2274
1983
2859
4977
5015
4735
56
1843
6769
4314
2560
1507
6158
4406
5085
355
5685
4176
4582
4150
2994
5029
4022
103
2954
6765
6703
636
2192
1275
30
2825
6774
4550
4893
4831
3204
1716
6627
2774
5139
667
1281
6381
5677
5908
212
2629
2342
2359
1891
5792
1075
2350
657
5830
5034
6212
3239
2884
2212
4222
6184
4892
3302
2506
1200
5478
6201
5263
4628
6848
1647
4891
1241
4059
1432
2926
1929
177
877
4967
3415
4813
2151
2440
6134
6502
6550
6420
2687
102
4936
6655
2303
2699
2559
2991
2290
2542
3365
3283
2336
3281
6296
2471
3358
4806
1112
1355
1558
4316
4258
1519
2740
917
3528
2191
6379
2558
1772
4444
4469
3960
4999
2126
540
899
627
2787
3356
3981
6735
53
6862
289
1665
5290
43
4401
803
4054
2114
2253
3376
4522
5398
2791
4545
2487
6441
1218
2527
5159
3496
6688
3989
545
645
1226
6782
202
5713
3763
5104
973
6700
4111
1808
5413
2777
6452
2137
5734
1895
232
1723
3002
