290
530
412
447
428
905
331
515
869
486
191
854
439
249
389
877
460
148
597
387
501
647
613
718
13
397
127
678
893
336
516
637
379
651
137
140
425
587
311
38
411
672
664
715
263
900
59
735
98
476
409
188
293
54
872
600
153
568
106
320
632
701
844
756
616
549
884
777
177
642
452
547
787
683
235
280
368
471
608
312
484
563
16
536
671
264
206
708
654
345
25
385
753
43
360
848
5
496
807
53
299
77
268
406
809
72
881
774
517
618
824
307
398
162
474
666
419
15
451
437
261
762
649
238
22
736
585
309
291
566
363
121
542
56
514
657
104
533
855
34
203
746
186
357
586
614
128
795
644
161
282
469
19
424
117
781
714
58
384
734
339
81
691
219
388
253
358
796
124
3
335
48
873
599
270
321
216
133
548
443
490
776
676
155
760
164
472
375
144
95
668
798
63
655
847
830
479
531
42
435
497
904
806
102
572
73
205
525
50
456
823
461
231
401
324
628
500
840
909
12
184
740
126
646
448
355
337
679
636
763
21
39
410
1
899
621
513
57
105
341
272
578
512
749
189
852
187
391
49
458
303
402
700
503
415
757
615
550
794
89
492
739
466
820
234
32
595
123
758
242
717
485
226
313
914
40
862
624
538
709
207
65
733
100
828
377
344
822
868
529
851
359
886
535
273
433
2
902
171
463
570
885
407
194
442
367
306
399
592
209
278
498
374
473
838
610
314
92
450
7
894
710
801
506
343
846
239
695
