223
25
276
118
241
530
45
412
867
384
734
447
899
513
339
57
221
81
691
753
120
528
848
428
331
270
619
105
515
341
219
272
869
751
79
664
416
5
253
358
496
625
698
807
280
53
462
749
299
124
189
815
3
251
200
623
486
191
314
809
72
854
439
599
249
391
174
49
458
59
216
193
296
427
627
772
881
204
522
51
877
460
402
822
389
305
635
228
133
548
503
824
597
757
307
9
387
629
550
490
176
885
89
676
818
613
718
205
897
162
552
492
474
739
908
360
466
820
13
666
234
760
31
494
472
839
397
741
185
910
110
127
595
15
678
758
144
858
336
158
369
95
596
242
352
437
680
379
800
468
423
485
313
20
914
540
40
784
762
862
409
259
137
770
140
507
148
224
311
238
22
538
709
265
383
655
207
856
847
585
342
65
672
886
502
119
566
866
733
900
100
479
512
344
692
220
542
531
42
429
849
735
98
581
56
476
868
796
514
61
750
273
218
123
78
529
656
851
359
497
417
624
657
104
806
688
326
188
535
433
717
902
252
199
171
572
798
533
855
34
96
570
54
407
872
217
444
600
248
746
153
48
106
723
357
320
194
632
701
810
442
791
489
69
155
773
525
823
403
516
318
634
616
401
825
719
324
233
306
211
614
163
128
795
372
882
777
642
452
592
547
787
209
816
365
498
738
374
909
644
109
349
610
77
368
184
646
355
213
907
679
892
161
282
278
469
312
243
370
450
563
16
7
536
736
894
636
763
833
801
671
245
539
41
264
206
708
586
343
846
239
225
197
673
117
567
781
39
410
364
167
654
345
