25
376
276
118
241
530
45
412
472
384
734
839
899
621
513
339
57
81
691
753
360
848
428
31
905
255
331
270
397
619
105
515
341
219
272
869
751
79
664
216
5
850
903
253
358
796
807
53
749
299
124
189
3
251
200
623
106
486
873
191
809
72
854
439
599
249
391
174
107
49
458
356
59
698
193
296
633
427
627
881
772
389
204
51
460
402
822
635
228
133
548
503
68
366
517
824
597
757
307
9
387
629
522
131
501
550
120
89
676
907
613
718
897
162
492
474
161
908
466
820
666
234
760
494
419
741
910
110
127
595
15
678
758
893
144
858
336
158
19
95
242
451
857
352
437
680
212
651
468
423
485
226
313
20
914
540
40
729
784
762
862
409
259
137
649
140
417
798
507
148
224
63
311
22
538
709
265
383
365
655
207
847
585
309
342
65
672
117
239
566
866
363
606
900
100
479
512
344
416
542
531
42
429
849
735
98
581
56
476
514
61
273
123
496
529
851
435
332
359
497
624
657
904
254
104
806
886
688
868
326
188
812
535
717
252
433
171
572
463
533
34
570
54
407
872
297
444
902
600
248
746
153
723
357
320
194
632
701
810
442
367
489
69
238
155
773
525
50
638
823
403
516
318
756
441
401
719
324
233
211
614
163
795
882
777
642
452
592
547
787
612
209
816
225
147
278
498
738
374
473
909
644
109
610
739
280
77
368
314
92
184
646
355
608
679
892
282
469
312
243
450
563
16
7
541
536
852
736
856
894
636
763
833
801
671
245
227
41
264
206
708
586
343
846
197
567
781
39
410
865
364
714
767
654
770
345
58
