223
25
376
118
241
530
867
384
734
430
899
349
57
81
691
753
428
905
255
728
105
515
341
219
272
869
185
79
746
5
850
253
333
796
656
887
807
53
512
247
749
299
124
815
532
441
3
48
168
486
268
191
72
854
33
187
599
391
336
270
321
356
216
303
633
427
772
881
204
389
522
51
877
460
402
305
635
228
68
845
366
774
639
517
824
597
757
307
9
387
131
501
550
776
676
613
718
492
474
112
792
739
360
466
820
348
666
234
684
760
472
419
839
397
110
127
595
558
15
678
758
503
858
315
95
352
437
212
379
142
468
423
313
20
784
762
409
259
137
649
140
63
238
196
538
709
904
830
342
44
715
733
363
914
766
900
100
828
377
479
59
344
692
542
531
42
735
415
618
56
748
514
338
61
123
295
529
40
332
359
417
104
806
246
868
188
822
433
2
853
334
717
902
199
171
572
52
705
463
533
34
96
872
408
600
248
311
153
106
723
357
320
86
194
632
701
155
773
525
638
823
403
516
696
616
130
677
401
386
614
163
128
795
500
846
372
840
882
777
642
452
239
547
787
209
278
498
256
374
473
644
594
326
610
237
873
280
77
368
314
92
184
126
646
355
608
213
679
765
161
282
243
742
484
563
16
7
536
258
736
378
141
894
763
570
833
801
424
671
744
539
264
654
888
37
206
708
286
586
506
343
225
197
39
410
714
770
345
