25
376
276
530
384
734
447
839
899
621
339
57
81
610
691
753
360
428
905
255
375
105
515
341
219
272
600
664
5
253
496
807
53
59
247
749
97
486
268
191
809
72
854
893
599
391
49
458
270
216
296
427
627
881
389
460
822
635
548
774
148
824
597
757
307
9
387
501
550
490
776
885
89
676
402
613
718
323
897
700
162
492
474
466
820
234
760
472
397
110
127
595
15
678
456
758
95
242
437
142
485
313
20
914
40
762
409
259
798
587
16
238
22
538
517
265
655
847
309
65
672
566
363
900
100
512
344
654
542
531
42
735
98
56
476
796
514
750
273
529
851
435
332
359
497
904
104
806
868
326
188
535
227
717
902
252
433
140
572
463
533
855
614
34
96
128
570
872
299
746
153
106
171
357
194
632
701
367
205
525
50
638
823
403
516
318
616
401
628
795
777
642
452
547
209
278
498
909
644
280
77
368
471
314
646
355
155
907
585
679
161
282
469
312
19
243
563
7
536
894
763
801
671
245
41
264
206
708
586
343
846
239
673
39
410
714
345
58
