376
241
530
734
329
447
899
57
81
691
753
360
428
105
341
219
272
869
203
664
5
253
796
496
303
807
53
462
59
749
124
532
441
3
852
35
48
191
314
854
599
249
391
458
270
216
60
772
881
389
460
402
822
722
774
517
824
757
307
131
501
550
490
641
89
676
613
718
492
474
282
466
820
348
13
234
760
494
397
185
127
15
758
893
762
95
242
437
261
651
485
313
914
540
40
409
507
238
538
709
655
309
342
65
672
566
363
900
377
512
344
542
531
42
340
735
688
56
514
338
359
497
657
254
104
806
748
868
188
433
2
102
140
171
572
705
298
769
54
872
600
153
357
320
194
701
367
205
155
878
525
823
403
516
756
616
130
401
306
614
163
128
795
882
592
777
642
399
452
547
787
209
147
278
855
644
759
77
184
740
646
355
337
679
161
370
450
16
7
536
894
636
763
801
714
671
227
72
408
264
654
888
206
708
586
506
343
846
239
673
117
781
39
410
345
