6461
6068
2798
4600
25
4800
376
2122
4426
276
5702
4955
118
675
693
3100
1698
4746
4235
5816
6270
2734
3484
290
5372
6339
3283
2251
3578
2073
1
4405
4568
2327
530
6207
45
1555
4089
5989
1761
4723
1400
329
2694
6480
3775
1652
6168
1535
1266
3205
5721
5796
1440
1177
1024
652
1805
3177
5474
1936
922
5346
6360
5416
1111
513
339
6147
60
2935
3184
582
6794
2060
1628
6107
477
2662
2159
6459
6070
1777
2389
3501
3391
3419
2054
4321
81
5495
2015
1345
5449
2447
4638
1680
2632
3482
2312
3228
4516
5849
2075
5537
2959
1553
43
4712
3877
3800
414
4403
4596
848
3063
5968
2046
1302
1825
905
3822
2114
3400
6738
6911
4972
3451
2564
1438
2726
3207
2342
5260
2773
4634
5618
3575
927
5741
6354
3330
2745
3778
1452
105
1779
2711
5137
6556
577
6209
2893
6110
3320
4502
272
2802
3499
5055
6694
6443
6027
1677
4491
3005
3325
3687
3943
4775
4228
751
2013
5368
2082
1385
294
2395
6291
2534
3607
3230
6343
5385
2639
4519
1245
5847
5513
6509
6725
416
4845
4401
5970
1198
4046
1883
556
716
29
1656
2387
1850
253
1289
2112
496
3398
6422
3453
1049
656
2562
1967
4385
1262
2340
1716
6319
395
2449
2604
5470
1115
103
5062
5543
1590
3630
127
1773
5149
274
6074
3395
4307
6894
59
4795
4493
6166
2178
3959
4230
3117
3991
749
299
702
5453
4642
6246
2470
1873
2316
5927
2257
4958
2645
1243
3785
4018
4787
4452
4289
2850
2627
852
1204
6063
1306
1291
35
335
1659
3826
6886
3024
2110
5696
3455
5714
6039
97
768
1146
2769
1908
3906
605
1417
2027
3520
3891
6392
5596
4683
1113
1569
2602
3334
1448
4165
3226
4005
2900
511
1588
1565
5527
2660
486
1993
1662
1771
6874
4793
6439
2500
1640
2180
1817
3939
3852
6776
704
3275
4178
4897
1179
1012
6347
3586
1241
6629
6234
72
2102
3299
5054
4020
2157
4454
4017
3061
3760
6473
2029
1767
6372
1661
5619
621
5708
1053
4943
4448
1444
770
2566
144
249
391
4667
1158
3336
2406
1836
3958
5443
4003
1882
2902
6375
5539
5066
5835
571
49
1563
3836
2262
321
404
1490
2381
5874
3699
1815
3685
3854
303
4964
2552
459
4646
193
2474
633
658
5562
5464
6314
6131
3869
4561
6267
2594
4293
1622
445
4040
5242
6802
5231
4839
6457
5621
5710
4941
1727
6043
204
5487
2535
4679
1357
1573
6708
3175
1142
1526
2904
6373
6648
1852
972
6671
522
1896
51
5523
1997
460
457
402
3701
2781
1743
1788
2831
4993
1644
700
966
3465
617
722
6868
4214
2550
1043
1432
3271
3508
87
3246
1227
1327
4669
5276
3344
4902
2204
2699
3303
68
2948
2592
4344
1624
3622
6917
845
2033
3980
6804
4785
6455
4814
3288
366
788
2066
1665
5623
3033
4681
4636
6524
4141
774
5957
1708
2283
1411
3897
5035
2956
1162
639
2088
1144
2402
6405
5213
5268
6371
2219
3588
517
5317
5831
6118
5029
2225
3832
4352
3308
5157
4034
1232
824
5904
3097
1790
2197
757
3932
1642
4482
2131
615
1811
1281
1617
6905
4261
6078
1434
3510
5208
3739
2364
387
1185
3881
629
1813
2465
4934
5460
5431
1938
1123
2754
550
3658
3305
5048
2927
3190
2972
6456
4408
1753
1379
5625
4313
791
3130
2531
176
5340
1577
5257
2404
1138
89
1865
676
3964
1220
6652
3590
2758
4837
4388
1907
5750
518
5097
2174
4032
5302
398
1587
1747
5885
4259
5602
613
267
718
11
323
3676
3050
4862
3111
1428
897
1922
2527
4695
6706
3147
4009
1540
5498
5553
6546
6137
5793
6786
1885
6593
1693
2974
492
3984
4410
2812
6673
2847
5690
4981
1674
4714
3413
5978
2287
739
1415
5338
1166
3263
1031
1963
1140
91
1520
3966
5937
6654
2760
3592
108
2582
2092
2569
1008
6306
520
5752
6200
2880
6121
4061
3286
1228
4864
5669
1646
4478
13
1328
1613
666
234
1041
5915
1430
2957
3277
611
2525
3885
4693
3244
1172
3145
4930
5435
2362
5737
164
1247
4543
3719
3956
5551
5823
5025
1695
6098
2232
494
2014
5161
4077
317
4847
6033
6149
5864
1349
1672
6749
4240
4084
5951
5000
4277
4222
741
375
3261
5344
6330
4621
6550
1189
2400
6256
5568
110
2571
2353
2212
5837
3789
1556
3865
4477
2882
2609
2170
1116
5126
4063
1496
3434
5881
2043
5675
4328
2824
993
558
6896
5071
354
5653
236
758
1918
2289
6407
3916
6382
336
4691
3534
1174
2707
2459
4928
3010
3151
3696
3970
4528
6622
2970
1544
5001
5821
2507
1689
2305
470
5694
4428
3188
2865
6006
6352
6677
3296
2004
4985
2896
3589
1351
2689
6411
3842
6766
4082
369
516
960
5342
4524
5774
912
242
1859
529
3602
112
5456
2573
1137
1585
4515
2942
2379
1386
2796
3432
6428
857
4361
5673
560
782
1609
17
5655
4689
680
1840
4355
1762
3747
6380
1403
379
3532
3541
160
283
1499
3346
3012
6177
906
1826
2330
4035
2231
4534
3723
5504
5819
4278
2845
468
3068
5134
3678
834
6602
4816
6577
6029
745
2119
2365
3664
4416
5483
4051
2928
4730
6570
6842
4939
5587
6092
1424
3564
3751
1522
3352
5419
1465
1102
114
1037
4156
1952
1899
537
540
1579
2613
3313
4509
2944
2440
6275
2143
6907
1207
2039
3992
2246
3807
4851
1611
5649
4749
4702
1374
1436
711
862
1287
737
3382
137
1170
4662
1501
918
2767
1021
1969
1536
1691
2322
1575
1784
2229
4319
3637
423
148
4423
879
6356
3087
1042
5114
2062
6789
1355
3037
6150
5663
3136
63
311
3838
3813
1607
2692
4868
3471
6090
2187
22
3598
5095
1463
5375
4768
84
2318
4803
2210
1269
3858
1550
38
2615
3158
2618
2629
3093
2244
1303
3994
3583
5852
6152
5680
4406
4199
563
411
5142
265
1984
5352
5589
4191
655
920
1800
287
1019
138
1971
1372
207
3371
6359
6620
2347
2841
1597
2162
847
4424
4907
1480
2823
5112
6148
277
222
6555
342
979
2867
3469
3422
672
240
6088
2538
4747
1000
3560
3755
1911
24
291
4174
3600
5423
4152
4187
119
5567
6206
2617
6127
2444
2635
2794
3988
4458
6512
5437
20
6612
566
3280
2248
5532
3386
3821
2424
3448
715
3642
4201
413
2557
3654
1760
733
166
5354
5742
653
1148
900
1820
3208
100
2477
3202
5367
2774
5720
3604
2160
3633
6575
4284
5185
5045
5391
5908
5110
4790
4872
4801
2055
5659
2870
512
5059
3666
6758
6658
2934
674
692
1867
4217
752
2540
220
6458
4601
6245
1513
5448
4627
4772
4154
1905
121
4569
6636
542
1554
4915
3162
849
2788
1084
2869
2517
2250
3579
2072
4402
735
2117
3098
2422
4203
3876
4460
4088
5965
3645
361
6863
5288
1804
1507
1653
713
5611
1818
4133
98
1050
1023
2343
5280
6172
3185
4443
1629
476
2663
4000
4503
3176
2631
5475
5108
4799
2505
4357
2836
5661
514
6227
338
1601
6660
2542
6464
1990
2390
3553
6188
1511
6734
3481
6288
2684
2392
3125
4148
2207
1884
4219
5844
3782
3731
5369
1384
4
435
5971
2790
1086
6483
2202
3284
1910
729
1325
6908
497
4367
6231
417
5963
4720
3903
2369
3888
624
5241
5738
1655
4615
1824
5085
4131
3366
2336
5415
2237
1720
2563
1263
3206
3183
4550
6717
5469
2607
2499
5636
4490
508
5136
340
2308
3846
1599
5010
2993
1340
748
275
868
1774
6462
2803
6075
3555
6689
125
6732
1669
1133
4327
4676
1872
1509
4176
3004
2682
3119
3940
6632
535
4453
4398
2851
6567
433
2
6485
1205
4047
6610
3231
6781
731
797
1319
3102
4397
6134
3648
6854
1416
2026
5239
2730
3765
2386
4613
6173
1822
28
252
971
5726
1114
1256
5413
1935
1722
1027
622
572
3631
2659
231
1396
5471
5308
2786
2049
4552
3227
987
5639
2432
4739
6077
6529
1956
1135
954
1641
3002
4233
936
3913
1242
533
2704
5907
438
3627
5195
963
614
4108
2256
3233
2591
1321
6887
5697
6539
3803
4466
4019
6528
2278
4984
2532
6852
3763
641
1307
1292
34
4611
1449
1741
5245
6040
769
2725
1562
5778
6212
3187
6115
1112
4325
3170
3337
407
4002
2903
5067
67
2375
3392
1337
2985
699
5154
271
2475
6722
5601
3682
3915
808
6313
2749
134
3737
6105
2555
4449
2008
6346
4838
264
6707
3868
6541
5507
6130
600
248
1855
2022
1068
3894
6419
6472
6003
4374
2811
32
917
4158
5347
3135
4144
1359
5828
523
568
6214
5176
1637
4053
1570
5953
171
2601
405
6649
4821
2224
3053
4215
3837
4421
3646
4740
5152
2263
5121
6533
1422
3247
632
6161
2185
967
1812
6724
3006
3909
6398
810
1238
132
5728
5383
6674
3319
3611
5920
4782
5218
4314
6744
5620
504
3302
69
6670
1853
5486
2282
3525
3896
3759
4368
155
6182
4764
1361
2747
1558
5749
5520
5328
3174
638
2089
456
596
1791
6024
6370
2218
1219
3673
721
3396
2430
876
4887
2577
6686
1184
4892
634
304
4337
3464
6400
4004
2698
1122
2753
1927
5215
1020
2593
1619
6262
6559
3191
6103
3621
4537
4540
2464
3345
4937
1472
4809
3289
1878
5861
1481
502
5051
4562
5956
5983
1711
1408
2063
6823
6326
2176
2378
4370
27
1145
3963
4137
4391
2217
1906
3794
1163
3172
1574
1388
1233
4587
1586
6022
3219
2303
2759
324
5944
6771
4258
4334
3444
6205
2173
5156
3680
5332
2359
3531
3546
6875
306
3931
4483
1346
1843
211
1808
727
1280
1939
4196
2755
128
1728
1435
1925
2194
6592
2148
2973
3786
2462
3146
1474
5432
4027
3714
2846
5049
2955
6136
2680
4411
2384
5005
151
88
1139
6728
2405
1007
2126
5232
6754
777
2568
4389
5786
5440
177
1576
6713
592
5105
3593
322
351
1612
1329
3677
3051
6898
3442
2834
3831
4031
4060
3878
2361
4888
4264
4481
2134
5668
1845
965
5211
3376
1976
761
147
5792
2154
2460
1173
3144
5732
3341
6349
1754
4846
4567
3712
4446
2975
498
5744
5499
3845
256
5979
2728
3476
374
5691
5160
2269
2036
3985
2382
6519
316
1367
4606
1862
1829
2399
6257
3576
6827
4686
4766
6687
6089
2570
2213
2736
5755
4166
3262
5805
1167
2412
2636
594
2307
2585
1614
5652
2436
3310
804
1839
3884
6383
4674
4692
3535
5878
6817
1284
3009
3971
667
4976
1431
759
2190
3517
4387
6260
2152
3494
4931
6599
5863
6032
3710
2335
2234
4415
5981
3474
5693
1547
3983
2275
5133
5158
2864
6341
3181
5635
3948
2097
1034
6303
2215
1955
126
6095
3260
5584
5400
1497
5090
5571
1849
111
5127
783
1608
3857
1584
2883
2171
3640
6320
4514
2943
2288
5997
1979
3746
6678
2522
5039
6815
4362
3150
907
3697
3969
5357
3026
3457
1919
143
1627
6701
6605
6676
3708
1750
6034
2333
4725
4529
2123
3722
5548
3810
4417
2862
3043
3427
3472
5695
2006
1210
3071
6476
312
6007
2397
4602
913
370
4554
4946
6278
3410
1270
1953
6093
1704
5586
6841
4657
5411
5801
2581
4908
3090
5709
4579
5088
113
1101
6515
4848
3236
996
5857
590
536
2885
1578
2610
3314
2945
258
1058
1095
378
2367
6831
2038
1079
4331
3013
894
1974
1537
2415
4188
4125
4688
636
5224
2005
4703
1736
763
5467
5818
5723
1947
5297
1171
6586
6603
6778
2331
6625
62
6763
4050
4731
767
4272
4869
2838
6217
3069
2165
1212
4557
3952
4717
3750
6186
1523
6408
227
4157
1268
2350
2743
6066
5201
5250
2441
4910
6538
6274
2647
4527
2965
838
1464
4171
6129
5418
3279
3582
4510
2077
779
5681
1879
41
5141
1286
1093
4727
3383
6866
6884
3995
6433
888
1648
1373
37
1151
3015
206
4190
3973
3886
3240
3926
4970
760
648
286
6705
5113
6030
4533
799
1255
506
3726
1785
6527
343
1606
5952
4052
2931
3468
4438
6116
1756
3954
6002
4299
23
4274
2124
3528
6414
5704
3443
999
1949
673
6064
6271
1105
6272
5092
3486
3349
5392
5374
3281
6613
6638
4852
5533
4570
1881
5841
39
5511
2242
4160
865
4095
5966
732
364
6318
6435
2793
3773
890
1650
1149
1821
1667
6742
4968
2777
5086
3178
4661
6340
654
6703
5293
805
6294
3211
1783
58
6224
2279
1596
4444
4986
5184
