319 783
739 430
797 476
179 512
118 787
645 796
305 42
653 680
877 855
461 105
718 600
799 869
426 389
68 796
315 817
576 5
117 467
382 884
560 810
582 613
715 115
833 472
160 60
252 594
369 530
616 130
491 45
72 105
280 520
560 525
382 888
828 305
99 323
139 239
109 429
406 503
538 115
226 331
445 207
196 796
748 503
221 792
84 816
703 882
687 476
43 489
271 303
909 230
746 738
791 144
870 40
540 396
242 7
815 270
345 200
347 312
324 224
655 328
315 783
321 497
451 736
566 295
871 790
686 682
570 116
319 206
910 718
886 364
588 115
343 345
753 514
200 497
176 367
750 402
233 317
105 386
556 882
136 715
866 748
185 884
904 588
415 258
805 796
75 179
43 506
903 120
691 147
707 787
379 504
903 106
536 512
397 738
160 791
49 856
389 7
289 636
138 296
487 120
207 367
382 323
187 744
576 589
770 530
771 221
871 269
18 49
247 439
789 331
502 15
888 729
584 498
825 20
736 27
18 61
454 115
392 133
160 447
647 729
687 367
315 179
888 718
247 738
713 512
26 220
818 796
764 294
524 824
687 733
79 54
797 242
656 791
754 766
92 63
11 885
664 463
873 54
866 142
819 878
412 882
859 532
870 54
347 65
57 105
254 568
421 121
226 49
815 10
761 111
432 445
429 738
295 78
238 765
123 147
182 582
115 270
241 113
907 120
226 9
753 296
338 540
799 506
738 269
290 912
751 635
609 227
272 326
220 663
123 261
3 289
576 588
376 269
464 322
394 753
547 440
673 582
576 613
728 767
305 740
524 132
289 322
868 331
445 515
138 494
147 61
53 694
851 124
463 608
909 40
28 379
3 396
172 746
560 456
804 669
581 671
739 634
425 189
315 15
238 205
135 171
632 879
392 791
463 205
319 688
65 70
569 121
376 640
373 762
254 473
101 693
226 218
349 864
461 218
709 7
636 331
12 469
870 762
118 161
601 851
53 678
641 831
771 582
306 200
737 581
331 673
339 767
661 798
343 774
135 706
242 339
218 86
334 333
739 117
339 536
242 185
728 438
792 34
264 797
115 242
656 506
525 218
319 100
449 206
339 879
290 250
347 669
28 602
834 804
753 783
156 367
817 252
536 439
252 701
750 634
167 692
291 433
632 811
139 348
332 565
653 452
148 753
649 7
481 864
233 604
66 486
144 86
436 398
616 49
84 178
11 525
115 731
718 715
252 741
792 106
693 397
540 207
665 121
190 367
782 562
264 736
718 211
334 248
28 682
262 489
799 498
383 651
252 205
421 502
254 746
384 694
632 852
782 303
623 116
782 630
112 5
641 624
321 57
724 467
702 726
736 863
176 261
408 456
12 631
689 796
673 105
49 733
187 578
549 796
233 158
570 333
887 506
844 49
861 446
83 601
686 615
187 242
193 864
123 558
376 242
220 226
321 350
431 804
218 647
115 888
288 808
342 439
331 784
367 380
868 696
321 756
687 853
799 548
840 379
766 683
615 320
439 174
220 171
887 761
629 221
290 148
48 106
238 476
49 206
218 473
336 503
797 588
305 409
761 332
734 49
499 526
334 772
816 92
114 109
748 324
395 121
797 329
782 683
200 733
291 73
49 30
557 503
609 844
403 712
99 322
339 451
691 712
729 155
200 174
815 72
864 808
135 568
646 456
702 294
909 5
747 286
139 562
796 57
515 684
336 207
114 526
114 338
884 797
64 732
859 306
96 273
235 421
8 207
99 846
382 731
819 494
761 796
179 49
218 226
305 759
449 40
92 456
799 104
358 40
382 148
290 313
109 241
347 186
123 713
187 678
321 767
582 795
782 132
447 877
162 278
321 409
86 697
63 286
571 697
176 816
176 536
871 811
575 339
105 367
886 180
335 794
1 174
797 851
687 132
661 397
782 484
449 278
382 548
67 227
890 244
148 730
358 905
412 324
381 440
903 121
5 515
449 674
323 229
26 244
581 186
730 746
792 380
28 630
515 433
754 581
92 818
233 647
79 562
799 832
139 316
487 411
836 115
691 666
591 736
876 7
139 322
780 753
362 252
691 278
464 456
338 472
873 333
328 248
26 570
764 636
782 654
220 177
748 718
666 105
109 805
550 324
326 4
355 252
163 315
888 736
632 565
328 634
15 9
187 511
290 210
696 161
252 818
53 78
753 827
118 345
454 873
347 193
696 872
305 379
152 49
523 746
436 275
548 738
738 536
649 49
5 9
291 678
578 339
79 822
799 890
665 736
691 754
321 844
111 578
638 192
736 192
782 74
490 106
763 445
115 538
635 61
118 912
109 142
321 41
408 71
295 54
584 793
619 388
766 630
348 467
284 804
617 801
331 210
79 565
43 355
74 585
238 312
334 304
524 852
284 502
425 349
160 562
350 7
796 15
369 890
825 331
581 888
859 828
99 602
581 490
461 106
739 733
728 86
729 40
290 511
178 49
720 259
85 649
67 801
262 193
638 294
147 286
135 769
904 724
369 178
235 81
696 647
591 221
43 341
532 582
408 746
750 420
678 123
271 680
139 152
748 321
383 454
290 133
771 396
135 452
576 31
343 602
632 640
291 752
376 910
661 818
669 286
11 654
84 443
799 461
92 903
898 581
656 790
782 205
584 63
74 904
331 250
436 407
766 507
827 503
738 189
515 604
730 389
381 726
810 411
71 396
92 178
745 142
345 106
868 864
84 774
28 851
155 331
338 832
739 752
798 252
866 772
656 316
179 137
281 748
797 532
382 41
331 872
816 439
818 396
295 440
415 473
872 601
289 731
343 731
483 913
290 394
753 608
24 740
291 506
806 864
560 726
241 463
115 48
528 771
764 808
96 798
738 461
114 804
873 722
279 530
279 278
305 890
515 849
815 838
431 206
873 631
221 633
783 512
174 470
343 476
338 192
187 163
139 888
295 746
524 226
499 819
176 762
84 906
524 550
736 272
798 138
911 199
496 111
247 845
904 628
686 8
326 752
796 132
290 60
795 738
118 367
238 615
319 40
815 294
833 903
464 897
844 882
770 57
647 135
343 872
618 241
288 577
376 226
667 512
262 484
785 254
484 796
249 121
736 525
656 777
139 690
661 484
806 254
811 92
894 8
187 761
349 279
403 41
296 124
99 131
369 733
156 5
556 730
338 3
105 899
838 864
321 178
738 367
160 674
338 811
12 507
305 355
654 328
233 914
335 796
750 38
587 486
731 572
750 59
99 633
449 689
691 46
645 502
58 324
585 853
10 115
69 257
355 167
656 731
623 568
210 693
876 187
133 584
123 712
738 532
799 514
263 96
525 581
233 15
728 168
840 752
348 229
582 731
739 731
187 874
911 333
624 115
840 406
766 562
292 738
187 868
106 456
383 538
840 787
12 60
305 206
247 376
111 734
632 793
196 581
804 636
109 852
584 682
363 804
654 601
347 842
135 329
838 396
79 246
560 263
387 783
288 205
92 363
691 367
187 548
176 525
873 41
536 144
657 801
24 708
254 224
887 74
753 186
20 377
653 708
601 872
465 118
136 679
235 86
8 396
266 581
305 630
