530
45
412
447
428
290
515
247
486
726
558
191
854
439
249
389
877
460
148
597
387
613
718
792
397
127
893
336
651
140
425
587
311
196
672
715
263
900
59
735
273
78
188
293
535
853
557
54
872
600
153
568
106
320
632
701
844
756
616
130
549
884
8
547
777
642
452
787
235
714
280
77
368
471
608
312
484
563
16
536
671
264
206
767
654
345
25
276
363
753
360
255
5
496
807
53
268
809
72
427
881
517
824
307
230
822
817
162
841
474
666
910
15
443
647
451
437
906
762
649
238
22
585
309
291
566
636
121
542
429
618
56
514
61
657
104
855
34
203
746
48
708
155
318
27
614
128
795
644
454
567
39
282
469
19
243
117
890
384
734
339
81
691
219
664
253
358
796
3
335
873
678
599
270
698
811
357
133
548
9
490
641
676
760
472
839
375
144
95
540
784
798
383
655
847
479
531
42
4
497
806
868
572
73
248
205
525
50
456
823
516
461
876
231
401
500
840
147
909
12
406
740
126
355
260
679
378
763
586
410
1
712
899
349
621
57
610
105
341
272
813
578
512
749
852
35
391
49
402
700
635
503
68
757
615
550
89
492
161
466
820
338
234
758
214
158
836
18
242
485
313
914
40
862
409
538
709
207
65
894
733
100
828
344
529
851
359
254
227
433
2
717
902
171
463
808
41
194
791
825
306
399
592
209
816
278
498
374
473
314
781
353
7
801
506
343
846
239
584
