223
25
276
118
1
530
867
419
384
734
899
513
339
57
444
81
691
753
120
360
428
31
905
255
331
619
321
105
515
341
219
272
869
784
751
664
5
903
253
796
496
625
807
103
280
53
462
59
749
299
124
3
296
852
335
623
486
873
301
191
809
72
439
33
770
599
249
391
174
49
458
270
216
698
193
320
427
627
772
881
204
389
601
522
51
460
402
822
700
635
228
133
503
366
774
517
824
597
757
307
615
9
387
629
501
550
794
367
776
885
89
676
613
718
323
631
305
129
162
492
474
908
466
820
701
348
666
234
760
494
472
839
397
741
375
910
110
595
15
678
352
758
893
144
858
158
516
95
242
437
207
142
906
468
423
485
226
313
20
668
914
40
762
862
409
137
140
798
507
311
394
238
22
538
378
365
655
830
585
309
342
65
672
694
54
566
866
363
900
100
512
344
692
220
542
531
42
849
735
618
898
98
581
56
476
514
750
273
123
295
529
435
332
359
497
417
624
657
602
104
806
671
748
868
326
188
293
535
433
318
717
902
171
572
463
533
855
34
96
769
570
872
134
600
248
203
746
153
568
48
106
102
459
357
194
632
205
708
155
773
532
525
50
638
456
823
403
616
441
789
586
401
825
324
386
233
211
614
847
795
372
882
777
642
452
547
787
612
209
816
278
498
738
374
909
644
454
610
667
739
77
368
471
314
92
184
646
355
213
907
679
892
161
282
865
469
312
19
243
563
353
16
7
541
536
736
894
636
763
833
801
424
21
245
227
539
41
264
206
343
846
239
225
197
695
781
39
410
732
714
654
345
