3789 4666 5293 4905 4233 2910 109 5730 255 3691 4208 1439 2376 4487 22 1354 4374 4677 4187 3220 4239 4641 3085 252 51 989 3234 2174 5464 5724 4389 3185 137 1414 1180 1281 2057 4806 567 4797 3619 1442 3891 4532 1887 3474 4615 2221 561 224 1
2494 1264 2717 3795 1182 3742 3488 2398 2140 2676 3252 2215 772 2176 2030 1894 4925 5459 482 4304 4761 1521 3540 2288 4161 1488 5313 2294 2007 2807 951 1033 5652 522 2882 3494 599 1594 2094 368 1238 839 4825 2883 475 3072 404 4394 1675 1341 1912 187 1654 790 2065 3999 4036 3643 5185 3756 4061 4913 334 4418 3205 4822 2155 3759 5424 592 5267 3979 5198 5648 2687 2655 3792 1626 728 890 3045 4862 443 5629 4420 940 5422 5661 5258 1
1740 5418 5471 3998 2619 5197 4378 3824 5722 4751 1632 2172 3828 1819 3362 5274 1783 1161 4288 5568 247 2804 210 89 5605 5170 2329 2122 1642 5626 4335 4528 1078 5623 2003 2061 956 3005 4445 2482 1070 4346 4330 764 3080 1385 5076 1390 3696 5247 2045 1097 2578 934 804 3236 2906 4952 4045 1792 1538 351 3708 4170 2441 4514 1408 5740 5002 4074 4543 3211 3161 301 2283 3132 1
4052 4437 2586 2951 1794 5667 231 2286 4759 1813 4812 5457 2283 3132 4438 5708 3615 3374 3939 153 5399 1274 2990 385 2903 3718 3492 5169 122 4559 2720 4548 146 2432 2347 2694 2015 2784 3871 3538 5562 5428 4893 4702 162 185 126 2668 5579 4594 4775 4042 4276 642 3107 65 3369 433 2714 398 643 1263 5448 4418 3205 4822 2155 3759 5424 592 5267 3979 5198 5648 2687 2655 3792 1626 1455 3700 1797 2875 435 3160 3232 5046 3059 3862 4966 1244 1336 827 2839 397 864 1
284 2565 808 2275 889 1568 4569 4837 5239 4647 4151 2758 3950 4802 726 4016 4470 3454 93 1889 5476 5205 4172 2145 3207 1174 2496 487 5028 4979 468 1959 340 28 5720 5016 2884 1704 3035 4533 3453 5614 2344 2430 3155 4796 1316 3806 4144 4555 1185 1661 2603 1870 2971 2890 750 3691 4208 1439 2376 4487 22 1354 4374 4677 4187 3220 4239 4641 3085 3875 2771 3829 3480 3108 458 4248 5369 3587 4804 2843 5736 646 5014 1085 1658 2082 5038 5536 2446 3934 4365 636 4477 2324 3344 2233 698 1229 105 1
1169 4758 3957 180 3345 4612 5642 1789 228 280 1783 1161 4288 5568 247 2804 210 89 5605 5170 2329 2122 1642 5626 4335 4528 1078 5623 2003 2061 956 3005 4445 2482 1070 4346 4330 764 3080 1385 5076 1390 3696 5247 2045 1095 3219 286 1533 4716 1137 1636 336 5548 1403 3206 2956 3038 5069 4132 769 2507 822 4901 3918 2543 2384 2721 2064 4213 3524 1755 3270 5790 2986 5243 2645 107 1686 1348 3813 4810 5286 959 1303 1705 3125 4745 2443 4823 4762 4770 2741 1
5668 3790 1451 901 2560 2237 776 5713 4444 4960 4421 360 2294 2007 2807 951 1033 4277 2342 3658 1294 3489 1805 1034 3608 4245 3008 2871 5004 1964 4239 4641 3085 252 51 989 3234 2174 5464 5724 4389 3185 137 1414 1180 1281 2057 4806 567 4797 3619 1442 3891 4532 1887 3474 4615 2221 561 5455 1175 5737 5772 2801 788 3887 2136 3617 1
4423 392 3532 1711 4820 3524 1755 3270 5790 2986 5243 2645 107 1686 1348 3813 4810 5286 959 1303 1705 3125 814 4640 2374 1366 3222 682 4487 22 1354 4374 4677 4187 3238 3983 4655 2931 3921 2059 2372 3768 2964 5081 635 5726 3092 1141 4112 70 4082 1968 5225 5139 175 641 5438 4424 3922 1828 724 1039 5382 4965 3056 1605 1769 709 973 2707 5336 4204 4167 50 1930 3021 2282 908 5407 610 4034 2755 626 2814 1949 1
3055 2619 5197 4378 4592 4551 5649 1040 5493 2259 2222 4106 1863 5555 5789 4873 2626 1020 4520 5757 911 1008 2149 4935 1511 1569 1150 2052 2614 354 5212 10 1735 3241 3449 5693 13 784 3425 1133 3888 3067 4561 2018 2353 5108 648 2062 988 3923 1623 3644 2310 3527 1944 5317 1536 1100 1494 4547 2293 1859 3159 4652 1232 734 63 1311 1906 1413 3301 2383 3010 5332 1410 5748 4014 5156 2083 943 4247 160 2831 5217 2031 2426 4715 4 4466 2632 3283 753 1265 43 4779 5608 5167 5415 3719 4172 2145 3207 1174 2496 1
5683 2095 1884 5377 5516 2157 4332 3712 4615 2221 561 5455 1175 5737 5772 2801 788 4978 2367 292 2692 2521 910 3137 1977 4840 5575 3093 4588 3431 3258 5784 2442 3028 2484 4694 3629 1819 3362 5274 1783 1161 4288 5568 247 2804 210 89 5605 5170 2329 2122 1642 5626 4335 4528 1078 5623 2003 2061 956 3005 4445 2482 1070 4346 4330 764 3080 2513 5672 2279 1248 3253 5435 5091 517 5465 825 898 2165 1467 4963 4673 1
2977 5709 224 4388 1374 4615 2221 561 5455 1175 5737 5772 2801 788 4978 2367 292 2692 2521 910 3137 1977 4840 5575 3093 4588 3431 3258 5784 2442 3028 2484 4694 3629 1819 3362 5274 1783 1161 4288 5568 247 2804 210 89 5605 5170 2329 2122 1642 5626 4335 4528 1078 5623 2003 2061 956 3005 4445 2482 1070 4346 4330 764 3080 1385 5076 1390 3696 5247 2045 1097 2578 934 1748 1
2530 1848 821 2103 2911 818 4914 2008 877 2799 4333 3869 3125 814 4640 2374 1366 3222 682 4487 22 1354 4374 4677 4187 3238 3983 4655 2931 3921 2059 2372 3768 2964 5081 635 5726 3092 1141 4112 70 4082 1968 5225 5139 175 641 5438 4424 3922 1828 724 1039 5382 4965 3056 1605 1769 709 973 2707 5336 4204 4167 50 1930 3021 2282 908 5407 610 4034 1784 181 1
168 1338 4662 292 2692 2521 910 3137 1977 4840 5575 3093 4588 3431 3258 5784 2442 3028 2484 4694 3629 1819 3362 5274 1783 1161 4288 5568 247 2804 210 89 5605 5170 2329 2122 1642 5626 4335 4528 1078 5623 2003 2061 956 3005 4445 2482 1070 4346 4330 764 3080 1385 5076 1390 3696 5247 2045 1097 2578 934 804 3236 2533 146 2432 1
168 1338 4662 292 2692 3377 3497 3865 412 4562 4819 5334 4689 434 5656 4060 2259 2222 4106 1863 5555 5789 4873 2626 1020 4520 5757 911 1008 2149 4935 1511 1569 1150 2052 2614 354 5212 10 1735 3241 3449 5693 13 784 3425 1133 3888 3067 4561 2018 2805 1217 5085 2647 478 2523 4405 2268 1794 5667 231 2286 5671 4778 1432 1013 4331 1
4 28 5720 5016 2884 1704 3035 4533 3453 5614 2344 2430 3155 4796 1316 3806 4144 4555 1185 2536 3797 4572 4401 1395 1865 471 3701 1651 1454 5647 5703 2198 5638 1858 1914 4959 278 4345 169 5166 3868 3390 71 5147 2102 5089 4917 3084 4510 5562 5428 4893 4702 162 185 126 2668 5579 4594 4775 4042 4276 642 3107 65 3369 433 2714 398 643 1263 5448 4418 3205 4822 2155 3759 5424 592 5267 3979 5198 5648 2687 2655 3792 1626 728 890 3045 4862 5165 1
1497 3652 4912 5529 691 5148 2709 3328 3914 3792 1626 728 890 3045 4862 443 5629 4420 940 5422 1359 5605 5170 2329 2122 1642 5626 4335 4528 1078 5623 2003 2061 956 3005 4445 2482 1070 4346 4330 764 3080 1385 5076 1390 3696 5247 2045 1097 2578 934 804 3236 2906 4952 4045 1792 1538 351 3708 4170 2441 4514 1408 5740 5002 4074 4543 3211 3161 301 2607 59 1500 1895 5671 4778 1432 1013 3825 2290 2439 1
803 1884 5377 5516 2157 4332 3712 5615 1234 5540 3483 675 1457 3227 5673 767 3989 2056 428 1127 324 1004 2745 4873 2626 1020 4520 5757 911 1008 2149 4935 1511 1569 1150 2052 2614 354 5212 10 1735 3241 3449 5693 13 784 3425 1133 3888 3067 4561 2018 2805 1217 5085 2647 3857 451 2837 250 4333 3869 3125 4745 2443 4823 4762 3764 5655 906 1
1133 3888 3067 3057 173 656 4599 1439 2376 4487 22 1354 4374 4677 4187 3220 4239 4641 3085 252 51 989 3234 2174 5464 5724 4389 3185 137 1414 1180 1281 2057 4806 567 4797 3619 1442 3891 4532 1887 3474 4615 2221 561 5455 5709 1
5363 5393 1876 3866 2064 4213 3524 1755 3270 5790 2986 5243 2645 107 1686 1348 3813 4810 5286 959 1303 1705 3125 814 4640 2374 1366 3222 682 4487 22 1354 4374 4677 4187 3220 4239 4641 3085 252 51 989 3234 2174 5464 5724 4389 3185 137 1414 1180 1281 2056 1
4565 1444 132 2792 4544 3260 1601 4392 1301 3307 1600 866 4100 1511 1569 1150 2052 2614 354 5212 10 1735 3241 3449 5693 13 784 3425 1133 3888 3067 4561 2018 2805 1217 5085 2647 3857 451 2837 250 4333 3869 3125 814 4640 2374 1366 1
5352 2067 2511 4211 1845 3012 2909 4821 2075 246 2644 1397 2947 3753 2464 3417 4753 2466 2993 1243 4764 2719 1649 51 989 3234 2174 5464 5724 4389 3185 137 1414 1180 1281 2057 4806 567 4797 3619 1442 3891 4532 1887 3474 4615 2221 561 5455 1175 5737 5772 2801 788 3887 2136 4237 3569 1545 2478 1
5661 4420 940 5422 1359 5605 5170 2329 2122 1642 5626 4335 4528 1078 5623 2003 2061 956 3005 4445 2482 1070 4346 4330 764 3080 1385 5076 1390 3696 5247 2045 1095 3219 286 1533 4716 1137 1636 336 5548 1403 3206 2956 3038 5069 4132 769 2507 822 4901 3918 2543 2384 2721 1782 1005 1941 3722 2740 2555 4474 1829 182 3611 1194 4814 2725 304 2383 3010 5332 1410 5748 1872 606 3176 3453 5614 2344 5670 1827 1
2508 4774 3087 5119 879 3739 4314 1296 1052 2010 2818 4626 3258 5784 2442 3028 2484 4694 3629 1819 3362 5274 1783 1161 4288 5568 247 2804 210 89 5605 5170 2329 2122 1642 5626 4335 4528 1078 5623 2003 2061 956 3005 4445 2482 1070 4346 4330 764 3080 1385 5076 1390 3696 5247 2045 1095 3219 286 1533 4716 1137 1636 336 5548 1403 3206 2956 3038 5069 4132 769 2507 822 4901 3918 2543 2384 2721 1782 1005 1941 3722 1080 343 2017 5310 2658 66 3955 3781 3927 3047 4577 4329 442 4654 2820 204 4303 2724 3653 5021 5417 570 3159 4652 1232 734 63 1311 1
2381 3396 3143 4039 5269 4564 1360 4893 4702 162 185 126 2668 5579 4594 4775 4042 4276 642 3107 65 3369 433 2714 398 643 1263 5448 4418 3205 4822 2155 3759 5424 592 5267 3979 5198 5648 2687 2655 3792 1626 728 890 3045 4383 3192 856 4152 3239 628 5302 4478 3850 5067 5490 2695 5577 4943 5153 4218 5504 5144 2373 3646 4055 3760 4785 3535 4768 376 2070 202 5079 3408 4854 1066 5609 209 2886 3752 1186 4366 3068 4197 1412 777 5209 2253 2659 400 770 5468 183 5029 2684 5434 2211 4257 613 3116 1
106 4618 1975 275 3403 355 2020 2906 4952 4045 1792 1595 74 897 1558 4833 1366 3222 682 4487 22 1354 4374 4677 4187 3238 3983 4655 2931 3921 2059 2372 3768 2964 5081 635 5726 3092 1141 4112 70 4082 1968 5225 5139 175 641 5438 4424 3922 1828 724 1039 5382 4965 3056 1605 1769 709 973 2707 5336 4204 4167 50 1930 3021 2282 908 5407 610 4034 1055 1242 5669 3680 3050 611 4183 4800 936 4159 1589 1
1173 2354 2546 5569 2773 297 3754 5587 3207 1174 2496 487 5028 4979 468 1959 340 28 5720 5016 2884 1704 3035 4533 3453 5614 2344 2430 3155 4796 1316 3806 4144 4555 1185 1661 2603 1870 2971 2890 750 3691 4208 1439 2376 4487 22 1354 4374 4677 4187 3220 4239 4641 3085 252 51 989 3234 2174 5464 5724 4389 3185 137 1414 1180 1281 2057 4806 567 4797 3619 1442 3891 4532 1887 3474 4615 2221 561 5455 1175 5737 5772 5556 4921 770 5468 183 5029 1
2684 5434 2211 4257 613 3116 3452 4507 2634 3493 5554 978 2337 2977 5709 224 4388 1374 5615 1234 5540 3483 675 1457 3227 5673 767 3989 2056 428 1127 324 1004 2745 4873 2626 1020 4520 5757 911 1008 2149 4935 1511 1569 1150 2052 2614 354 5212 10 1735 3241 3449 5693 13 784 3425 131 2727 3612 2447 320 2436 1997 5299 5271 1365 3013 5023 161 2969 601 6 4038 102 3743 5162 427 1840 1142 4150 4258 2386 1208 3599 5277 5517 4273 2498 985 2186 5456 62 5058 2202 4476 3358 841 5325 5285 2696 2044 4048 5037 73 5288 1060 5244 4227 1
1538 2595 385 2903 3718 3492 5169 122 4559 2720 4548 146 2432 2347 2694 2015 2784 3871 3538 5562 5428 4893 4702 162 185 126 2668 5579 4594 4775 4042 4276 642 3107 65 3369 433 2714 398 643 1263 5448 4418 3205 4822 2155 3759 5424 592 5267 3979 5198 5648 2687 2655 3792 1626 728 890 3045 4383 3192 856 4152 3239 628 5302 4478 3850 5067 5490 2695 5577 4943 5153 4218 5504 5144 2373 3646 4055 3760 4785 3535 4768 376 2070 202 5079 3408 4854 1066 5609 209 2886 3752 1186 4366 3068 4197 1412 777 5209 2253 2659 400 2997 3289 5057 82 1443 1312 3967 1
1555 5779 3994 5200 3477 309 1710 1726 3459 5479 1305 1477 2344 2430 3155 4796 1316 3806 4144 4555 1185 2536 3797 4572 4401 1395 1865 471 3701 1651 1454 5647 5703 2198 5638 1858 1914 4959 278 4345 169 5166 3868 3390 71 5147 2102 5089 4917 3084 4510 5562 5428 4893 4702 162 185 126 2668 5579 4594 4775 4042 4276 642 3107 65 3369 433 2714 398 643 1263 5448 4418 3205 4822 2155 3759 5424 592 5267 3979 5198 5648 2687 2655 3792 1626 728 890 3045 4383 3192 856 4152 3239 628 5302 4478 3850 5067 1971 4406 4737 5177 2427 99 3431 463 5684 2508 4774 3087 5119 879 4298 3144 5686 4080 1
4154 383 4807 5348 967 4856 4297 3322 4371 1670 4186 3711 5269 4564 1360 4893 4702 162 185 126 2668 5579 4594 4775 4042 4276 642 3107 65 3369 433 2714 398 643 1263 5448 4418 3205 4822 2155 3759 5424 592 5267 3979 5198 5648 2687 2655 3792 1626 728 890 3045 4383 3192 856 4152 3239 628 5302 4478 3850 5067 5490 2695 5577 4943 5153 4218 5504 5144 2373 3646 4055 3760 4785 3535 4768 376 2070 202 5079 3408 4854 1066 5609 209 2886 3752 1186 4366 3068 4197 1412 777 4410 1
4875 5692 5375 5296 507 3334 2656 1000 1709 3020 3150 5511 255 3691 4208 1439 2376 4487 22 1354 4374 4677 4187 3220 4239 4641 3085 252 51 989 3234 2174 5464 5724 4389 3185 2428 3195 1249 4790 14 1923 2187 3854 253 2576 4886 608 4259 3461 4749 5117 4481 1247 4531 3966 735 4265 694 693 1
1343 1345 1380 1931 2775 4761 1521 3540 2288 4161 1488 5313 2294 2007 2807 951 1033 4277 2342 3658 1294 3489 1805 1034 3608 4245 3008 2871 5004 1964 4239 4641 3085 252 51 989 3234 2174 5464 5724 4389 3185 137 1414 1180 1281 2057 4806 567 4797 3619 1442 3891 803 1884 5377 5516 2157 5683 1
2810 3212 2109 5344 3183 2644 1397 2947 3753 2464 3417 4753 2466 2993 1243 4764 4184 113 498 354 5212 10 1735 3241 3449 5693 13 784 3425 1133 3888 3067 4561 2018 2805 1217 5085 2647 3857 451 2837 250 4333 3869 3125 4745 2443 886 3460 1288 4222 236 2040 4999 4193 5707 3707 863 1473 1725 2590 1
1169 4758 3957 180 3345 4612 5642 1789 228 280 5302 4478 3850 2648 4619 3909 296 4946 1844 3991 5154 197 4628 5641 4718 548 2168 1371 2733 5735 4573 3735 5702 3391 5636 3357 3359 1233 3376 45 4122 5619 692 3811 5505 5260 3415 5234 2161 5225 5139 175 641 721 2276 1404 852 4624 501 828 135 974 632 5538 5487 1893 4956 5355 826 3523 3859 2544 5621 1073 4179 1684 2299 233 2900 1685 5240 5553 5062 370 496 1226 5732 1765 3034 2836 346 3710 2847 4957 4293 2723 2854 2449 3933 5715 1
5085 2647 3857 451 2837 250 4333 3869 3125 814 4640 2374 1366 3222 682 4487 22 1354 4374 4677 4187 3238 3983 4655 2931 3921 2059 2372 3768 2964 5081 635 5726 3092 1141 4112 70 4082 1968 359 3162 5191 2813 229 3276 1798 4515 4951 5131 3458 415 394 2490 1110 5773 5702 1572 1571 3221 3972 1022 2181 5731 1505 3104 2733 5735 1
5048 2346 5539 4657 4001 2345 1105 2720 4548 146 2432 2347 2694 2015 2784 3871 3538 5562 5428 4893 4702 162 185 126 2668 5579 4594 4775 4042 4276 642 3107 65 3369 433 2714 398 643 1263 5448 4418 3205 4822 2155 3759 5424 592 5267 3979 5198 5648 2687 2655 3792 1626 728 890 3045 4383 3192 856 4152 3239 628 5302 4478 3850 5067 5490 2695 511 4747 5122 4485 578 3055 1956 3998 1
2519 25 1701 1443 1312 3967 5554 978 2337 2977 5709 224 4388 1374 5615 1234 5540 3483 675 1457 3227 5673 767 3989 2056 428 1127 324 1004 2745 172 4456 219 4368 1096 4182 1880 3105 1879 1696 725 3385 4148 5747 5462 318 3662 4977 175 641 721 2276 1404 852 4624 501 828 135 974 632 5538 5487 1893 2803 4326 4360 1
707 4994 1924 3121 4903 4411 3063 3546 5353 2631 1342 222 360 2294 2007 2807 951 2209 5794 993 715 5210 2835 3773 5030 4767 5163 3218 3799 5080 3468 5760 1213 4339 4604 2925 4404 2596 931 2447 320 2436 1997 5299 5271 1365 3013 5023 161 2338 3888 3067 4561 2018 2805 1217 5085 2647 3857 451 3840 2851 5365 5082 1539 1216 4203 997 2164 3686 4149 5403 991 1012 5755 248 5360 5106 654 1
127 5557 4982 3387 3679 3340 3639 3597 1827 3155 4796 1316 3806 4144 4555 1185 2536 3797 4572 4401 1395 1865 471 3701 1651 1454 5647 5703 2198 5638 1858 1914 4959 278 4345 169 5166 3868 3390 71 5147 2102 5089 4917 3084 4510 5562 5428 4893 4702 162 185 126 2668 5579 4594 4775 4042 4276 642 3107 65 3369 433 2714 398 643 1263 5448 4418 3205 4822 2155 3759 5424 592 5267 3979 5198 5648 2687 2655 3792 1626 728 890 3045 4862 443 5629 4420 940 5422 1359 5605 5170 2329 2122 1642 5626 4335 5610 1
3051 2572 1786 3638 4123 3399 4512 1150 2052 2614 354 5212 10 1735 3241 3449 5693 13 784 3425 1133 3888 3067 4561 2018 2805 1217 5085 2647 478 2523 4405 602 2903 3718 3492 5169 122 4559 2720 4548 146 2432 2347 2694 2015 2784 3871 3538 5562 5428 2100 5247 1
4466 2632 1959 340 28 5720 5016 2884 1704 3035 4533 3453 5614 2344 2430 3155 4796 1316 3806 4144 4555 1185 1661 2603 1870 2971 2890 750 3691 4208 1439 2376 4487 22 1354 4374 4677 4187 3220 4239 4641 3085 252 51 989 3234 2174 5464 5724 4389 3185 2428 3195 1249 4790 14 1923 2187 3854 253 2576 4886 608 4259 3461 4749 5117 4481 1247 4531 3966 5366 4234 325 3917 857 4711 1145 5571 3377 3896 1653 1
4549 17 4526 3191 55 2146 4304 4761 1521 3540 2288 4161 1488 5313 2294 2007 2807 951 1033 4277 2342 3658 1294 3489 1805 1034 3608 4245 3008 2871 5004 1964 4239 4641 3085 252 51 989 3234 2174 5464 5724 4389 3185 137 1414 1180 1281 2057 4806 567 4797 3619 1442 3891 4532 1887 3474 4615 2221 561 5455 1175 5737 5772 5556 4099 5113 5017 2495 2684 5434 2211 4257 613 3116 1
3903 977 4440 2905 1799 3515 2574 4748 3141 1581 3245 234 4031 1665 3177 2765 4231 680 3053 3242 190 3557 873 2456 2378 1950 1036 3145 1195 4211 1845 3012 2909 4821 2075 246 2644 1397 2947 3753 2464 3417 4753 2466 2993 1243 4764 2719 1649 51 989 3234 2174 5464 5724 4389 3185 2428 3195 1249 4790 14 1923 2187 3854 253 2576 4886 608 4259 3461 4749 5117 4481 1247 1714 1643 3628 4679 3320 139 3352 3605 3299 1
902 1458 5452 2591 1449 5474 1061 2973 4184 113 498 354 5212 10 1735 3241 3449 5693 13 784 3425 1133 3888 3067 4561 2018 2805 1217 5085 2647 3857 451 3840 2851 5365 5082 1539 1216 4203 4727 2749 1028 4910 1178 4310 4097 2946 1
2099 4451 1472 5549 2748 5526 3834 337 1593 5174 2162 2585 4993 1075 3064 270 2736 696 1722 4094 3075 5452 2591 1449 5474 1061 2973 2719 1649 51 989 3234 2174 5464 5724 4389 3185 2428 3195 1249 4790 14 1923 2187 3854 253 2576 4886 608 4259 3461 4749 5117 4481 1247 4531 3966 5366 4234 325 3917 857 4711 1145 5571 3377 3497 3865 412 4562 4819 5334 4689 434 5656 1
2588 2340 1564 4133 1262 2158 5442 435 3991 5154 197 4628 5641 4718 548 2168 1371 2733 5735 4573 3735 5702 3391 5636 3357 3359 1233 3376 45 4122 5619 692 3811 5505 5260 3415 5234 2161 5225 5139 175 641 5438 4424 1896 1551 2422 1892 2806 326 4994 1924 3121 4903 5320 5042 129 5135 4341 1548 5214 5220 1384 1045 1790 17 4526 3191 55 2146 1528 3333 1211 313 1561 2254 1550 215 3426 4051 2251 281 2534 2244 4968 5364 2212 3215 1106 3543 2734 1146 2206 4091 1736 5178 1544 1744 1
3706 5385 287 2811 495 3554 4681 1886 1891 3307 1600 866 4100 1511 1569 1150 2052 2614 354 5212 10 1735 3241 3449 5693 13 784 3425 1133 3888 3067 4561 2018 2353 5108 648 2062 988 3923 1623 3644 2310 3527 1944 5317 1536 1100 1494 4547 2293 1859 3159 4652 1232 734 63 1311 1906 1413 3301 2383 3010 5332 1410 5748 1872 606 3176 3453 18 5503 4907 5413 2879 3016 1922 5392 2382 5552 1032 1854 2998 4857 807 3410 3777 5193 1179 1743 2247 1124 5716 950 730 4194 2000 1938 1215 5319 593 382 1
1929 3816 5730 255 3691 4208 1439 2376 4487 22 1354 4374 4677 4187 3238 3983 5651 2680 2867 2768 2047 4788 2510 2575 1594 2094 368 1238 839 4825 2883 475 3072 404 4394 1675 1341 1912 187 1654 790 2065 3999 4036 3643 5185 3756 4061 4913 334 4418 3205 4822 2155 3759 5424 592 5267 3979 5198 5648 2687 2655 3792 1626 728 890 3045 4383 3192 856 4152 3239 628 5302 4478 3850 5067 1971 4406 4737 5177 2913 308 4696 1
4059 3049 2160 3117 3457 2218 1970 1217 3767 3100 5591 2661 2528 3222 682 4487 22 1354 4374 4677 4187 3238 3983 5651 2680 2867 2768 2047 4788 2510 2575 1594 2094 368 1238 839 4825 2883 475 3072 404 4394 1675 1341 1912 187 1654 790 2065 3999 4036 3643 5185 3756 4061 4913 334 4418 3205 4822 2155 3759 5424 592 5267 3979 5198 5648 2687 2655 3792 1626 1455 3700 1797 2875 4801 2588 2340 1564 1953 3929 3745 2515 1
4637 5294 3428 3451 4643 1719 3920 4987 870 3184 2479 4805 895 1698 3002 4598 3648 2591 1449 5474 1061 2973 2719 1649 51 989 3234 2174 5464 5724 4389 3185 137 1414 1180 1281 2057 4806 567 4797 3619 1442 3891 4532 1887 3474 4615 2221 561 5455 1175 5737 5772 5556 4921 3570 5483 2470 563 4410 5482 2260 3800 1672 4366 3068 1
