5210
352
1733
8
3447
3239
5691
4485
4820
3203
4416
3757
2153
590
5422
1314
4794
1183
4553
3804
4142
5196
1352
20
1624
3790
3977
5265
5208
4185
4675
3065
3886
2653
2360
4801
5446
1261
5700
641
396
4399
4570
3423
782
3367
63
11
5330
3008
949
2805
2381
3105
640
3078
2480
4443
3795
2534
2712
5621
431
1076
2144
53
4040
4773
3771
2833
3003
954
4765
5028
2059
2001
4372
4344
1068
2342
762
5745
3153
4274
2685
5646
4328
2292
2016
5503
3083
4639
2005
3809
4120
690
5617
2050
1148
2428
3413
43
316
3451
2612
639
173
3357
4559
3355
4237
3374
1231
5460
5168
5603
1640
2120
2327
2666
124
4524
15
183
160
3189
5258
4700
4891
1509
1131
3043
888
3699
469
1567
1863
1393
4592
5577
726
2723
4812
5426
5560
302
4333
5624
5746
1408
1765
2159
5232
2043
4759
4526
4737
3151
3220
3361
227
1388
5074
3274
1292
3656
4513
1796
1383
4422
5436
5129
4889
5748
5245
3676
4949
4865
413
3456
3694
4302
3751
2945
854
3190
680
3331
1526
2532
311
1209
279
1108
713
991
4381
4901
392
5792
2207
2252
1559
2488
4049
3424
213
1548
3119
1894
2811
1922
5189
2804
1890
4992
324
1549
2420
4958
358
5113
3920
216
1394
1635
3383
2172
987
49
5137
5223
666
3232
3696
1135
3733
1215
1634
1437
3218
5087
2100
4508
3082
4206
3689
1531
4915
5634
3389
5145
1192
3609
284
3217
3538
1519
4714
4571
1003
914
2853
4146
1939
180
1827
3231
1649
3720
1093
4933
5038
3734
909
5755
2249
2473
4518
1780
4150
626
3237
2147
1452
2196
5701
2374
5645
5229
1327
4182
245
5612
5566
5722
1395
2642
1856
5636
5462
1757
1401
5546
2803
334
2719
4387
3204
479
3149
1216
2954
221
2319
3036
2541
3916
1803
3487
1006
2382
3183
3981
3236
4159
2286
4762
4899
723
4130
2561
5425
5067
2689
740
127
5040
327
5318
2411
748
2888
763
5610
4173
4472
496
3848
4476
2553
2738
1546
4339
249
5584
111
2608
5133
5300
1382
960
1731
1018
5218
3562
2783
2624
1205
5001
2031
2677
3821
79
2262
4062
5212
3550
1043
4572
4871
3627
4692
4397
5752
244
1989
4531
5733
2731
1880
3998
208
2802
3123
767
3247
2482
1574
5065
2024
3967
894
1826
5504
3926
87
753
148
4484
1225
5061
722
1016
3028
4286
4784
2073
1788
5757
2269
2645
5083
1628
1364
820
4574
4962
1159
1781
1570
315
2505
3221
2676
597
3492
1987
4857
3478
3827
2769
3873
3505
3542
366
1154
5157
837
1236
2881
4317
69
3388
250
5438
3140
4268
4430
1804
1592
2032
2236
4189
2770
4279
4823
1637
5771
2092
1661
2795
1963
3219
3235
4069
247
5468
3070
4957
1912
1673
4392
480
5457
473
1369
2166
402
4923
1892
2028
2174
2114
4869
3250
2674
262
5652
5399
770
2213
4193
220
51
1134
5164
167
4343
276
3890
1340
3254
1935
4942
6
158
4245
1569
2629
1438
5600
486
5351
3866
3504
4409
4701
152
1943
685
3544
941
3061
2138
3255
4129
5497
2590
1604
1652
1037
5213
1339
4966
2242
1795
546
4963
5380
1475
1910
1199
3673
4211
159
5021
1694
2497
1241
3698
1453
185
4626
195
3653
2991
2464
2714
2969
4012
5152
3989
4047
4716
5639
1868
1659
1603
3054
2601
3766
2370
4978
3761
1412
135
1870
3241
5420
938
2062
3360
1817
3174
604
4276
5170
838
504
5272
5442
1864
694
2734
3571
2580
5095
3545
5782
3256
4418
3722
441
707
1767
5627
638
1357
551
3919
2929
4547
3033
1842
4944
2693
318
5599
2445
5488
3026
2440
1446
2063
788
2081
5154
3429
1125
4080
68
322
3564
971
3011
1995
2434
4941
5575
1363
1178
268
3062
5106
2351
1492
1098
2743
1002
5269
4202
5334
1297
4110
2705
1966
5297
5472
1447
5520
2057
1031
1279
646
2930
3103
1878
2643
5241
5594
1360
931
434
1877
5333
1073
2055
2060
1753
2573
2508
2372
2045
1702
2882
565
4804
986
1621
3921
1534
2984
76
2160
957
5284
2583
4991
3522
4638
709
4786
5788
4834
4706
5315
3268
5565
3701
422
1942
3179
5103
426
1849
3525
3642
3735
3075
5014
361
4525
2701
5630
2308
3889
2611
4034
5506
105
1301
1139
3090
4808
5257
1440
5558
4795
2054
1346
1703
1684
3617
3697
3811
4802
3339
4650
3157
3836
2137
2277
5670
3987
5724
823
1722
896
5367
2457
3899
2938
1464
1919
4842
2387
2119
1230
1411
1904
1198
2638
2916
4272
3585
732
3997
5687
5079
2962
4434
1316
4230
308
2877
5411
1857
834
1895
61
4410
3077
765
5671
4726
1309
9
5465
3050
467
5538
2336
332
4911
1740
5403
449
3855
3577
5183
3641
487
898
1926
3776
2766
2865
3970
2776
3121
4653
3993
5501
16
1246
1253
4461
4075
5718
4905
633
2655
3225
3481
1220
4059
3864
399
2895
1120
964
848
164
3759
3086
3635
673
4530
26
5463
644
5734
2873
3122
4216
5151
1455
881
3754
5787
3080
19
5509
3148
2678
5616
1540
456
3106
3073
2526
514
4394
13
2751
444
5710
338
1957
1747
5135
4420
2672
515
5089
705
2291
4545
1774
1672
1232
5613
2029
5215
557
818
5657
3251
589
48
4607
4165
1786
1720
3446
4092
1035
3774
369
1551
5433
1484
1331
5264
2594
4402
5239
4686
4246
4502
296
5553
1898
3680
3877
3477
2880
520
74
3940
2829
2179
1020
2589
5780
686
2841
718
2078
3470
466
4977
2219
4613
1729
1775
5770
5362
286
5716
4625
2511
4565
2056
2668
2424
5758
3472
1885
2302
5250
1790
1861
2923
1114
2868
3867
4331
4180
3968
1094
3622
3466
301
3216
5161
5311
1886
2618
186
4602
559
929
2679
4984
4337
5026
5078
1486
1211
3946
2227
1503
5729
1523
3474
1874
5732
4104
5453
1908
4713
2257
3797
294
3907
5391
3228
1009
485
1881
2661
2122
5580
420
2220
3205
5361
3932
2444
1172
2223
3364
3464
5024
5764
1999
3555
2125
2494
1173
2
188
5507
5020
2143
4170
2603
654
171
4357
3055
42
3793
5483
3717
5413
4118
1928
3489
4586
4342
3670
5762
2368
3308
4896
2349
2630
4464
3529
4862
5735
3740
1180
44
2759
2472
5281
2928
5576
3963
2295
525
3019
5629
2396
3486
930
433
3971
3187
1372
4386
5649
2394
5057
1407
2210
3213
3726
5650
1976
4606
4617
2646
214
5658
1627
2280
5344
3195
4452
751
3281
4814
5255
416
2385
999
870
4498
4723
4558
3853
3269
40
1711
1163
222
2782
2013
1883
906
2377
3259
4585
1431
45
2579
4975
3660
2956
4234
803
1962
81
2190
1735
357
2871
243
5707
507
4383
5631
2272
3377
3300
5405
1263
3716
2901
4432
3160
3299
289
4605
1359
5203
1059
3685
2692
2345
1007
179
1782
2975
41
4403
2521
523
4032
608
3305
1045
5287
2878
2844
5165
3610
2725
5533
129
3536
3869
4492
5167
3490
5474
4366
3240
217
5606
3023
3520
3346
4777
1598
4767
2335
2310
1835
5766
850
4523
4098
864
4874
91
3452
1887
937
985
703
2459
4439
2524
2465
3051
5181
3561
1349
4657
2205
3951
307
3526
2688
1193
4029
5596
3462
678
2515
1291
581
1708
1663
232
3243
5365
5482
252
3175
4391
4209
4229
258
605
4819
2828
2788
1299
3590
2575
4743
2832
4774
2763
3434
248
2835
506
1579
5601
3375
2264
1843
4419
3354
2907
491
662
411
4468
4014
2779
758
5692
2426
2300
1955
614
274
3010
5695
3079
1698
2430
144
4937
5244
3648
4934
4846
298
1332
2230
4680
5080
5353
4311
1764
5711
1113
2090
2971
1961
1191
2279
1538
5656
5063
1013
212
1537
1879
1679
3419
4025
387
805
280
1828
3857
3521
824
3193
4705
799
724
4618
5619
1599
415
3657
5703
3415
2462
836
4077
596
1023
5252
2757
5031
1741
1177
448
5191
1944
3258
3775
3408
1466
2542
2985
547
4546
2718
951
4800
3143
1247
5750
1214
3923
5002
5665
1792
932
2576
1896
1920
3014
4201
738
4751
1948
2376
1034
4542
2756
4149
3229
4591
3948
812
871
1629
1162
3471
4950
2904
5253
3683
602
729
5280
4788
804
2421
4627
1095
3693
3579
3457
1724
2454
1488
2874
3094
1556
895
1682
3796
3638
2108
4043
12
1855
3304
72
1593
5390
1030
5550
2790
5552
5677
3903
866
2321
3000
1696
5313
5638
2380
1435
1715
4595
1303
5477
3428
1493
1921
1847
3612
976
4303
4042
2297
5502
623
5261
1143
4709
1647
2717
4883
1541
3789
2851
3840
2883
1852
1273
747
4404
1969
5554
4645
3158
1481
4619
4204
231
4183
2696
2762
5424
4388
4401
4781
2749
2744
3234
802
2371
5142
657
5306
2996
4622
2456
5708
4454
170
3984
2659
3448
3379
2185
1071
1390
2898
5237
4970
4855
1683
1691
749
499
1449
2940
5598
251
2199
4528
4442
3475
5198
786
1384
1619
18
5233
3852
613
5363
5569
5060
3437
5084
4835
476
5783
3763
2304
5551
5491
1038
1500
4390
3644
1947
2812
5184
1468
5238
2025
4162
624
2753
5589
3098
5450
3765
4557
5175
4735
4932
133
826
5259
2654
3332
998
4643
1707
852
4567
3018
4549
4590
1083
5012
505
5294
5373
5690
4873
1203
2690
290
1196
1514
4400
62
5005
4177
3352
4053
64
5647
2074
1656
2478
2820
1425
1845
4669
1566
3953
2173
4239
2072
2633
383
4775
3643
630
972
979
4417
1416
253
3925
3758
120
2441
2266
886
3572
1748
3779
1763
5730
4678
2967
3533
1830
