3754
4800
3561
45
1819
4202
4701
4381
5058
4056
1594
4285
1628
1991
4303
4342
5658
4356
4949
2080
120
1512
2253
2206
3653
428
619
3330
4130
426
515
3182
3300
4549
1677
1385
5385
4291
2852
1198
603
730
1440
3518
5447
274
4777
4180
247
4177
4942
4063
74
4452
4547
5616
1848
1659
5238
1026
2722
1073
5034
2372
4683
2455
1113
2657
5078
1637
5527
486
726
3683
2006
5731
3234
3779
854
33
4759
249
2289
4159
4820
5033
5106
2783
2679
2182
5600
4234
4957
4964
1181
2701
2923
2031
3758
4183
4272
4812
2285
3175
3361
522
51
4422
877
460
3462
822
4484
3908
1926
951
2153
4836
4563
2592
1624
2199
4369
5229
4939
1297
1411
1162
2088
148
836
2219
2172
597
3932
931
387
4115
501
3873
3190
2385
369
4226
5333
1391
1138
2302
2649
2835
4997
4032
1792
1230
2056
5671
613
1279
718
2478
5497
3050
4862
5458
5210
129
5553
4767
3413
91
991
13
1877
1733
2360
1247
2668
2155
3766
2060
4979
2747
5583
645
185
127
449
3916
3151
3970
1791
1896
4344
3106
1670
2689
2396
1524
1459
2573
1035
2611
3089
2045
212
3747
2291
3240
3489
160
3346
3375
5722
4434
834
2985
4716
3811
4625
20
5280
244
5391
4170
2349
2744
1579
2580
2515
4462
5219
2420
1170
5746
1536
2712
3637
425
1478
3136
224
311
2137
2930
3350
3158
411
864
2412
3901
2676
2347
2776
1215
5665
5061
672
5373
4954
119
3735
5767
431
686
263
4193
802
1780
3179
5167
4075
985
512
1603
5645
4217
1002
2540
4409
2757
1554
4915
3774
1084
2696
3694
5593
253
338
690
3125
4774
4524
4639
2790
4973
5241
5613
5085
5415
1453
1108
1263
1966
1566
5237
4901
3446
748
3757
2803
3555
188
293
3686
4150
3784
5734
557
3231
3890
4058
252
971
4162
2279
2605
4474
4066
1178
1874
1242
2991
3627
3466
201
390
3921
3763
2203
169
4146
3187
4419
1707
4209
4230
948
5284
2749
4838
5442
5711
1447
1359
568
5577
1159
106
1570
4811
3437
5624
3935
4743
701
932
3509
3189
2772
4437
1662
5620
504
69
1853
2377
844
2380
2721
1143
4680
1558
5520
2652
2271
1394
721
3055
1311
5215
3609
4737
4762
5030
4649
5103
8
5656
1331
3866
1346
5603
1939
1120
623
2549
3066
2462
1474
5002
2286
2034
2813
1231
180
3028
777
3792
4252
5706
547
3225
3878
2695
965
956
683
896
5026
4846
4343
1887
1412
5691
1367
1521
4239
2213
1032
5569
2763
1225
1557
3638
2881
3744
3239
3429
2042
3009
159
280
368
2890
4618
2579
1584
4514
608
3533
2508
4362
1369
5788
1498
3617
3722
422
3071
65
4657
4574
4104
3236
16
1763
2367
3993
4331
4703
5300
1947
5297
2065
4050
5482
3470
4869
2838
4982
4279
5129
3036
1423
539
3383
888
206
5018
5113
799
1785
2700
4438
4070
4274
3094
2144
1462
2308
1549
732
382
1083
2245
3773
3542
767
4653
167
654
5472
345
376
276
3122
1904
4626
4175
4854
1883
1987
5145
12
2795
1652
2196
5610
5627
4974
2558
1266
2370
1177
1506
1928
2895
2159
221
3419
2054
2837
2999
753
3266
3228
43
3800
4403
4204
4383
2342
5137
1634
1592
4502
1989
5151
5660
2685
4966
5455
2947
2255
1245
5560
2870
4719
434
4614
496
3105
3250
3332
3367
170
1598
53
4795
5637
4325
299
5325
1383
1957
692
2590
2645
1894
4843
1291
3024
5714
605
3520
5596
1569
5311
5264
3474
268
1942
937
4178
4627
72
4467
4454
4042
4257
1661
5244
4448
2566
1258
2717
1393
3082
2724
2300
5525
2262
724
3699
2829
1314
3007
3685
3550
5212
3536
296
5464
135
445
2788
4765
1912
881
972
5035
2184
4336
3848
3252
1334
4958
1731
1183
1944
1125
3406
2808
4814
2066
3717
4141
774
3173
639
3795
5748
824
307
1811
3881
4133
4834
1618
5165
4408
4565
1753
5688
4080
5257
1029
2188
2878
2174
398
1492
3930
929
323
3676
3111
2663
3947
3741
2293
3242
3377
4545
499
2383
722
4781
4311
4788
4799
4714
4224
1963
1140
4214
1828
1886
1432
1285
983
2480
666
1430
1407
3528
1172
1503
5365
3719
2235
5551
5281
419
3949
3660
3261
4652
4607
1131
5100
4328
4339
5606
993
1016
1838
2707
2459
1156
5502
5001
4386
1209
2274
3709
2121
2816
5481
3475
4049
2016
5204
183
5403
4580
782
352
6
680
895
960
1679
3380
3153
906
3968
1199
1786
1086
5021
5630
1353
1668
3840
4416
1193
2477
5089
2766
1037
2575
2440
2143
2646
3091
1078
3539
762
3139
3014
507
5724
4432
2351
1878
2629
4526
2792
5077
3819
2418
5677
5142
1327
1399
1372
1649
1248
2714
2561
5087
3769
2162
5183
585
222
3422
3557
4382
4571
3160
4404
4201
413
1148
1820
3899
2345
1631
4827
2488
1418
5703
4490
429
1476
5534
3923
4195
3976
713
4617
898
1778
3204
4443
3331
1988
514
61
2542
870
2733
2958
1552
5514
2638
1384
5384
729
2115
3023
4844
657
1303
3119
245
3597
688
703
3388
5044
3940
4776
4518
812
4641
4047
3827
1319
2426
2375
5239
4884
2743
5079
1114
5413
1935
1722
2723
2659
2901
4899
1396
3085
5008
5488
727
3356
4706
250
2603
2784
4472
4351
5067
1337
2434
5154
1180
4896
3312
2678
2702
5193
5565
3587
2877
5507
2284
3568
3255
3761
2277
2028
3360
175
626
523
3168
622
302
3837
357
229
950
3909
2751
3886
5218
3926
1891
1410
2020
3525
1196
4940
5782
3673
318
4745
3464
1020
3191
3086
3981
2403
2654
5334
2456
1388
2057
2667
719
5496
2832
5363
5670
614
4919
3423
1435
3786
5362
551
5554
3264
1612
1064
1647
1845
2692
5306
4206
1976
1694
4933
2975
5499
1541
738
396
2269
3576
3790
5755
644
821
349
467
4479
1684
3148
3971
685
4752
1921
5024
2624
1748
4531
4376
4276
1673
1348
2572
1034
2215
1955
5775
5571
1460
2883
2171
2608
2288
213
3746
3241
3697
3026
3457
765
161
3140
3217
3810
19
938
4497
1898
2348
2745
5074
1402
2797
1537
2005
3490
1500
2230
2929
227
4572
565
3860
41
863
2518
1765
1968
2413
1151
4705
3720
2063
2677
2840
1214
4965
5199
673
5766
3486
117
3281
837
2249
5566
262
4725
5060
2872
3156
3203
1868
4192
3256
1783
1604
5646
4268
1272
2541
1003
1698
2445
1682
2138
2734
5422
1240
2916
2310
2073
2327
2756
5509
2616
734
3775
3018
5258
5594
3689
5716
5474
477
4430
4773
3124
81
4638
4173
1885
5043
3877
4461
5683
5612
2726
5351
2368
5741
3080
1452
2893
3077
2802
4804
3421
3687
3447
751
4092
5735
294
416
3798
850
556
29
358
1910
3889
2811
1741
4475
5207
5453
5758
124
3478
2257
2705
5558
1546
2100
186
3920
200
3103
2281
3571
168
4553
986
2511
55
1771
826
4418
1817
301
1134
5285
2472
5381
2588
2643
2319
1892
4559
1202
4977
2108
1053
152
599
2025
3522
5313
5443
2223
270
404
216
3670
4740
3269
633
505
3869
4040
2381
4783
5621
1663
4317
1961
1852
2376
2535
1395
1142
2718
2904
2298
4392
2264
3299
1788
617
3054
2482
1043
195
5462
133
2948
4590
366
788
4636
4650
3867
5157
2779
2506
9
1729
1185
2465
1473
1538
2672
2151
3067
641
3218
3793
818
962
1922
232
3809
4197
1620
4410
5233
2227
5770
1031
1366
1191
1863
1006
1222
2760
2092
5787
2880
3928
3428
3277
2295
208
4675
279
3008
4118
164
4687
857
941
1830
5444
5126
4513
1796
4363
1316
5223
596
5789
3070
2865
315
2956
3951
3562
3259
2521
560
995
17
1737
3284
1059
1154
1826
2416
5196
5504
1691
2845
1211
5483
3042
2494
1424
5701
668
114
4578
5405
3585
930
286
4189
5019
5114
2693
63
3838
4275
1703
998
4246
5095
2210
2731
2145
4911
4540
3545
5589
1301
847
4784
3815
694
4747
4770
5038
1880
4036
4855
3821
2424
5144
1401
5742
1651
1857
2708
1250
5367
2160
2888
5185
5557
583
3706
2055
479
220
4601
289
3000
42
3065
4402
4700
415
361
3905
1818
1629
2505
4357
5065
4967
2169
4302
3498
3481
4229
4950
2995
2207
5454
5369
2081
4
3062
2252
5436
5536
332
497
4757
2871
624
3366
3183
4794
5636
868
1774
1382
2851
1205
2068
4025
4842
5597
1416
5715
604
5726
5265
5446
3680
5780
5544
705
3121
936
4643
3274
4546
4045
4786
1849
2532
3987
2324
5617
1449
5411
5245
1724
1147
2454
1112
2656
4905
3083
3698
2903
5014
487
444
3235
5465
3293
248
975
880
4027
2601
3855
2428
5152
4833
1011
1870
1645
2185
5599
4237
1238
1943
2553
5191
5428
2107
5486
1216
3759
4142
525
173
3174
638
456
823
5425
3221
461
3911
231
304
4485
2753
1927
1619
2618
4012
5164
4243
1363
5438
1163
1574
1466
3591
2759
2220
324
5575
3946
3740
3243
4670
3931
928
3513
3339
4538
1713
2384
1962
1139
2405
4709
5332
1795
2583
3051
4863
2834
5123
612
5668
1999
2192
5792
1173
3613
5364
553
5552
316
4606
909
3967
4766
559
5652
3862
4062
1767
1839
2524
4692
3997
1246
1732
4387
4978
2969
2335
5501
3045
5133
740
816
5757
5584
646
111
3308
961
679
1919
1627
5022
4529
4417
3341
1858
2688
2439
4908
3090
3368
2967
5420
1101
590
1875
3642
3538
3374
763
3138
650
284
2984
3215
1241
4397
495
4622
2630
5390
4510
1879
1093
1404
2421
4970
1437
5353
1481
3726
3075
2163
2266
5097
480
3159
4570
410
4335
1970
2411
2940
5006
2248
4301
3503
2122
5702
4955
2078
3796
1187
2251
3734
4723
2874
899
3977
3922
3205
621
803
1781
1602
57
4442
4791
1866
4216
2447
1128
2312
2075
2854
1553
1087
2241
2046
728
2114
3451
1438
1284
5468
105
341
3320
327
1236
3389
3943
4775
4991
79
4677
2190
4519
4366
5168
1656
2387
5614
1850
1531
2374
4900
3078
5412
1450
2236
1567
2898
2258
2804
2050
4802
3003
5491
5733
292
662
3357
3232
3294
4399
441
4592
852
251
35
97
3610
2769
1908
4165
2497
4473
1339
1640
2435
4267
1012
5255
5564
2086
2988
2200
5506
2157
3626
3061
2029
1273
770
747
3254
3169
4555
3408
49
3836
4420
2474
949
5379
2321
1890
2594
427
5710
4941
1446
1360
3134
601
2023
3524
5776
2090
1526
5315
5576
402
1488
4182
87
4669
635
68
3188
4785
1071
1708
2457
2655
26
2304
2666
5397
1559
2833
4034
4857
1232
1790
615
4860
1045
1434
5208
5460
3305
2954
794
3130
4648
3011
4059
4286
1747
1842
11
1330
1735
700
4503
5272
4889
4932
5433
1540
5005
2812
4810
2847
3577
739
5707
179
1008
520
5752
3828
466
820
5399
546
2982
786
348
234
957
684
1920
3708
964
3149
4530
2623
5692
5161
4077
4447
1349
1672
5634
5503
1413
5344
5768
1189
1861
2762
1224
1098
3472
595
3641
2882
2609
2147
3434
2043
3456
758
469
214
3238
3143
3010
3696
158
4120
3216
76
1833
4220
4619
939
2120
2738
2796
4924
5361
423
1484
2928
4730
3564
3953
3751
914
3352
450
40
3807
3237
1611
5649
4702
409
5457
1969
5128
2062
5529
2125
5485
5350
4868
3471
541
3504
3598
3487
5375
3733
4508
3925
5407
2873
1095
709
265
4726
4191
3157
207
804
1782
4439
4069
1757
1720
979
1000
2729
5093
5318
5253
1948
2962
1548
4188
1683
2242
3019
2297
385
5595
1299
606
100
828
344
3123
5040
3823
4248
5146
5348
2371
4880
1176
1804
1653
1076
1534
1455
1023
581
3635
2836
308
4148
851
3229
3903
2336
886
2770
1635
3998
3452
1740
4823
5063
1340
1352
3479
1509
3606
2179
5452
433
2
334
3648
2280
392
3572
3251
3919
717
4613
4129
987
5639
4211
298
2394
1956
1135
2473
954
2642
1203
5380
2317
2070
4840
3521
4372
1292
5267
1445
407
5650
2222
5538
699
3937
3964
4185
3460
1220
808
3268
3195
3590
5175
4043
71
4096
1855
2534
1068
4256
2719
1837
5330
1261
4395
2166
1392
3700
4992
2828
5187
5012
3684
1309
5213
4589
5463
3302
973
5028
2507
2430
4355
2365
1184
3526
1643
4337
4492
1122
2205
1009
2464
4937
3716
491
5189
3656
2032
3364
775
3794
640
3213
825
3219
4483
1925
1621
4014
5162
151
1007
5232
4245
2568
3458
5771
1576
3505
1030
5546
399
1493
1223
5426
322
3677
3110
3431
2912
3742
2292
707
4119
630
498
1715
374
473
838
2382
942
4686
2650
1797
5687
4512
4029
610
1406
4865
2510
4364
4923
4976
1431
2001
5550
3580
4098
3355
561
5654
4476
3864
1841
2522
1827
5269
2844
4984
2059
2971
3043
4871
5135
448
1425
5700
5203
785
894
3199
4665
5115
839
2661
4535
5057
62
1192
1523
5631
1669
2576
3424
1702
5250
2441
1464
1551
3644
2612
1206
3771
3544
723
506
3326
805
85
1881
1985
1533
1856
1803
5745
1018
4906
2933
3073
5184
