4800
4873
2441
2122
5702
1272
3522
2541
1003
4626
3561
2445
1682
2138
5422
2916
2310
2251
2327
3734
2756
45
734
559
2795
2196
899
3977
4974
2558
4381
3205
5258
2370
5742
1781
3466
2881
1904
4442
477
2159
4820
4303
4342
2054
4949
3124
81
1866
2172
4216
3744
120
4173
3228
2206
1885
3653
4461
5683
4403
4596
5612
3451
4383
2342
619
3330
5468
3080
105
5337
426
5137
1592
3300
4502
5151
159
3389
4804
3687
3943
4966
751
5455
4677
5385
4366
4291
5168
850
1198
3462
5614
1531
358
1440
1910
3693
2374
3250
3889
3078
3367
5084
1450
1598
2898
53
2050
4795
4802
5207
3003
3459
4180
5491
5453
5758
1383
124
1957
662
3357
3232
2645
5558
1546
2100
4399
4452
432
4592
5616
251
1659
3103
623
5714
1908
1073
605
2281
3520
4683
1113
1569
2657
5264
5078
1637
4553
986
486
2497
4418
1640
4232
1817
301
5731
2472
3234
2643
2988
3000
1892
5054
3626
4454
854
4042
3061
4753
4257
2029
2594
5619
4759
770
249
4883
3254
2717
5313
3143
4159
2300
3855
4394
3836
2262
724
5106
1236
4420
4991
2679
216
3685
4957
3550
4964
3269
5212
3536
949
633
2701
1942
1890
3869
2923
4040
2031
2381
4812
4765
5621
1663
4317
5710
4941
881
1852
972
1357
3175
2598
2718
1526
3361
2298
4422
4469
402
1788
4484
3848
1334
4182
4700
1183
951
635
5462
133
1944
1238
1125
4563
2948
2502
1624
4590
4785
4814
366
1297
1071
1708
2457
1162
4650
639
4476
2666
5232
3795
5748
3867
5157
4034
4857
1232
824
5102
1790
307
3932
1045
5208
387
5460
4115
3241
501
2954
2672
5165
2385
1753
3130
4080
5333
2016
641
1138
3218
5031
5097
2835
4059
398
1492
1792
1230
2056
5671
929
1279
323
3050
4862
183
1922
700
232
4889
5433
5363
5210
499
3908
5788
4810
3577
3877
4714
4767
739
5707
5770
179
91
1828
1863
1006
2092
520
5752
1886
3863
3828
466
5399
546
3928
338
1285
786
991
13
2480
666
234
957
1877
1920
4675
1172
279
5365
3008
164
2235
5551
2668
5161
3766
2060
4430
1672
4687
5634
738
3660
5344
645
185
941
1224
4204
3789
2882
4513
2147
449
1796
2043
5606
1394
5223
4977
3456
144
2289
2523
3916
3238
3495
1156
3010
3696
3970
158
4120
1896
5001
3396
3196
4344
3070
2274
3221
2689
3809
938
4049
4619
3259
5204
2396
1195
939
2688
4105
1035
5403
782
6
4689
680
895
960
1059
2291
3240
1154
3153
3375
3968
5196
5722
5021
1691
1211
1484
834
2985
5116
2365
485
3840
3811
4625
1193
668
914
244
5089
5391
4170
2766
2575
2744
40
2580
2440
2515
5219
2420
1405
137
1170
5746
1536
3014
507
2712
1122
5724
4432
2693
3136
224
311
3838
5485
1703
3237
5095
3487
4168
5425
4149
2210
3733
2629
4911
2873
3545
709
265
4092
3527
1301
3157
2676
1782
2714
5718
5087
4439
1215
4069
5183
2695
4331
694
4747
5318
5373
3735
44
5038
3160
1683
4855
2248
3448
4201
413
2005
866
2297
4603
1401
5294
1299
606
1857
1820
802
1780
5367
3179
2160
5167
2055
479
344
2488
4217
220
289
1729
5703
4627
1043
3123
1273
42
5040
4915
3774
3923
4248
4975
415
361
3694
4880
1804
1653
713
1076
1534
4133
1455
2387
1023
2772
3204
5261
4286
476
3331
4788
2505
4357
5065
61
690
2542
5030
870
2264
4302
3498
3481
3125
3105
4229
4950
2995
4524
4639
2081
1384
1199
3062
2790
2252
3229
5436
5536
332
4757
3452
2871
417
3903
5350
2763
5241
5613
1303
2336
1108
1263
579
1635
3183
3998
1192
4901
4794
1740
5636
4823
5063
3446
1340
703
748
3757
1774
3388
188
1509
2179
3119
3940
3686
4518
5734
1382
2851
433
2
1205
3231
334
4808
4547
392
3251
3890
5239
4884
3919
717
4613
604
5079
5446
5413
622
2723
5780
2659
2901
4803
4004
987
5008
5488
2432
4211
298
1178
1135
2473
1874
1641
2642
2085
1242
2991
3274
5732
1203
5380
1849
2532
3987
4706
4372
1449
4146
1147
2454
4905
3083
2603
3698
4494
4419
4819
5538
5067
539
4209
487
5154
4185
1180
1868
948
2475
5284
1013
2678
2749
3268
5761
444
5565
3587
2877
5507
4558
2284
248
975
3255
2277
2028
2811
2719
3360
175
5330
626
5711
4942
1261
5733
4395
5577
2166
1159
1570
2782
4992
2828
5187
4743
4740
5152
723
357
4183
229
1870
950
5599
932
3720
2751
2553
5213
3189
4451
3544
5463
5620
1891
2107
69
3291
4560
2020
3525
1216
2721
1143
4160
3355
4680
4142
5782
4355
638
596
1894
318
3911
3464
1009
5215
1619
2673
4114
5544
3086
1878
3716
4784
5189
3656
4339
4737
2032
3981
5164
4709
4409
2403
2677
5272
2696
4762
1363
775
3158
5518
1163
1574
640
1388
825
2057
2667
3219
2759
8
324
5656
1331
5496
3866
3740
4670
5670
1843
614
928
4919
1939
1120
2203
5238
3513
1621
5362
4014
551
5554
2286
1713
5162
151
180
1139
2405
3028
4245
777
3458
5706
1030
5546
399
1493
547
1795
5426
3225
2583
322
3051
3110
1887
2292
3529
5668
1845
4119
5306
1999
4206
896
5792
1694
1173
5364
4343
498
4781
1715
1412
5691
2900
316
1367
909
4686
1649
3790
5755
644
12
349
1557
47
2169
4062
4029
4692
3239
3997
4865
3429
4479
4923
3971
685
4976
1431
4387
2624
280
837
2842
4978
4531
2969
5501
4276
368
420
5133
1673
740
3948
1955
4786
5757
5584
4618
646
3603
111
5654
2883
2171
3864
213
4867
2508
3372
5269
3457
1919
1369
1627
5022
5617
3617
1292
2059
4529
3722
5503
3043
3472
4871
422
469
19
2120
4657
3258
5700
5773
2439
4874
4104
5420
541
590
4508
2010
1763
1402
2975
894
1537
3374
763
5020
5300
5297
3490
284
2984
5115
2230
5057
62
767
1523
245
5631
1352
3036
1916
2743
1702
4572
565
1551
1286
1093
3383
4472
654
3771
4606
3806
4333
888
1151
206
1733
5218
3926
1437
5014
5353
3526
5113
2063
3423
3075
1214
2266
4891
4274
480
2692
673
1105
1684
2144
3486
3281
2249
4570
1881
5566
410
262
382
2245
4335
2872
2411
1856
976
3542
3203
1803
5745
1018
5472
5060
5646
2889
4283
3073
