3754
1814
45
3307
5161
4701
5058
4056
680
5658
1512
3660
3063
619
3330
3261
1385
5385
4291
3693
274
3395
3941
3117
247
3273
4547
5616
1659
4683
4898
5527
5777
726
3683
2601
5731
3234
2991
854
4759
3893
4159
4003
4820
2783
3437
2679
4234
5762
3736
2923
2031
4812
627
2285
172
3361
4422
3462
4484
4369
5229
2172
597
931
325
3674
3338
3809
5625
1138
1907
1792
1230
2056
718
3050
4862
3530
3612
5363
5210
129
2861
3166
1646
13
1844
2360
4891
5435
3766
2268
2060
127
5754
3789
449
893
3916
1896
4344
2689
5570
1459
1100
2227
637
3346
834
2985
5642
244
5391
2349
2744
2420
1287
1092
1405
5746
2712
224
311
2930
3158
411
920
3901
1215
5665
2490
4874
4055
672
3485
5373
3735
2875
2940
2248
4724
802
1780
5167
4790
5645
4217
2540
1129
1273
4915
2072
2696
3694
5593
5261
690
3390
4524
1884
5042
3807
2536
2369
2450
748
2803
188
3686
4150
5734
440
3231
797
252
2339
3740
2605
2786
4825
928
2256
1547
390
3570
4146
3170
4419
872
2749
5442
5711
4925
1159
1570
405
1491
2224
4743
4183
701
932
810
3270
3189
4437
1662
69
1853
1709
2377
4680
5520
1116
3055
1311
549
3304
4737
3131
4762
1746
8
1939
1120
2671
4935
5002
2286
3362
3028
777
547
683
4846
3845
5691
1032
1225
1557
3638
3239
159
280
2579
1282
4867
2508
4362
2188
2003
1369
5788
1916
3722
422
3950
536
1763
2367
4331
1736
4050
4869
5129
3507
3036
5201
264
4727
3383
888
206
3886
4533
799
4274
2692
5252
1949
1684
3094
2144
5424
732
767
167
654
829
1904
693
4626
1987
5145
2795
2196
1535
5627
2558
1266
5349
2370
1506
1805
5294
3634
2159
221
414
4403
4596
1825
2342
4822
5137
1634
5106
4502
1989
2685
4951
4966
1343
5455
1510
2255
5
4957
4614
198
903
3105
3250
3367
1598
53
299
953
2645
1894
4289
5696
3455
605
5311
268
1513
809
72
3123
5172
2533
1075
1836
2300
2262
4991
1314
3007
5212
3610
5757
4317
4588
4765
881
5598
3848
3098
1183
4936
2699
1217
2033
4814
1893
639
3220
3795
307
1979
898
2754
4565
4080
1220
2216
2878
4917
1492
3776
929
3676
3331
841
2979
4781
4714
1828
1886
4365
1285
2480
666
5365
2235
5472
3415
4734
4063
4328
993
558
2707
1156
5001
2274
3475
4049
2016
647
183
5403
782
4751
895
960
261
1679
3380
3153
3968
800
5343
5021
1626
5630
1668
3840
2766
1271
1207
5420
563
507
5724
4168
4526
2792
4252
4971
4092
1327
1019
138
1649
2714
3727
2890
2162
481
2932
3422
3755
4599
3160
1635
4201
413
3899
4057
3483
3579
713
3204
4548
514
983
61
2733
2638
1384
1199
5384
2074
729
326
3119
4518
812
5044
5171
3827
1319
5079
1265
2723
2659
2901
2448
1396
4803
190
5732
250
4472
5067
1337
539
4965
5154
1180
2678
2555
5565
3587
2877
5507
2028
5519
1935
4421
357
3909
4837
1296
5228
403
596
318
3464
3191
4540
3086
1481
5113
842
3981
1388
2832
5670
5362
2860
3264
4060
480
1647
4206
1976
1694
738
644
821
454
2317
467
3884
3971
4415
4276
5775
1191
2226
2883
3640
213
3241
3011
4123
3457
4221
469
938
243
4508
4360
1537
2005
5467
136
2230
310
3351
4333
1733
1126
2677
3039
3468
3505
2124
5662
5199
1421
3486
262
4725
3203
5646
2541
1381
2310
2327
5509
3018
5258
5594
477
81
4638
4173
4110
5612
4972
1022
2368
2451
2893
3077
2802
3552
3447
2284
3255
253
2811
4230
626
5758
3478
5558
1546
2100
3649
623
4147
3571
3171
986
5638
1771
1817
1706
301
1134
5285
2643
2748
152
1358
5313
2223
5779
270
216
935
5348
3113
698
4740
4184
633
5174
4040
2381
5621
1961
1395
2718
5523
1788
1043
1432
5462
2948
4763
4650
5029
3867
2779
9
3850
1729
2465
1123
2927
2151
641
3218
962
350
1922
1620
4410
5233
1366
1863
1222
2880
2168
593
706
3428
760
3514
4675
279
3008
4118
164
1830
4028
4513
1796
2511
5223
3534
4922
3725
2956
2896
3259
5296
1154
2416
2330
5196
1211
5483
3042
668
3382
1355
3838
4275
1703
998
1463
5425
2210
2145
3545
5589
1301
5395
82
5038
4458
1401
5742
2708
5367
2160
3706
479
5494
220
3417
4601
289
42
4402
4700
4380
4286
2654
4302
5454
5369
2081
4
3062
3284
2252
5436
332
3925
4550
4794
5636
2851
1205
2826
4025
604
5446
5471
5308
4492
233
705
3121
3274
1449
1112
4905
3083
3698
725
3300
975
4158
2782
4959
1847
2977
5486
1216
3759
3358
4142
525
638
456
3221
3911
304
2593
4012
1889
5232
2018
5164
4245
1363
5096
1163
2095
1221
324
2914
3946
3466
4778
500
1493
1139
2405
1795
2583
2479
864
5668
1999
5792
1502
316
909
3262
4653
3167
4062
1246
4387
4978
5501
646
448
783
3379
679
1919
1627
4267
4417
5695
2688
1036
1704
2439
5088
590
3642
3374
763
284
2984
5330
4433
245
4397
5390
4510
1983
1093
4463
5218
1437
4454
4042
3423
3075
5182
3954
3790
4570
39
1970
2411
3503
4873
2122
2078
3796
2717
3734
4723
329
2874
899
3977
687
5687
621
984
57
4791
4321
2854
4022
2241
3020
3451
4923
341
3320
272
3179
3389
3943
4640
5557
4519
5168
2387
1318
2374
4900
3078
5084
5412
1450
2236
2804
2050
3003
5733
3357
3536
3232
532
4399
441
4592
2769
5464
4165
4498
2497
1640
1427
1875
1012
1241
2988
3061
4610
770
3169
3836
4420
303
949
5379
2321
1890
601
3524
5476
1488
700
3115
697
4742
3271
4182
635
4541
4038
1197
3817
4785
4436
1665
4315
4710
2666
1790
615
4860
1045
5208
3681
2954
794
4648
5031
4059
1747
5602
1735
5272
4889
1475
2670
2037
4810
3577
739
643
520
5752
1920
964
5387
4011
2623
1349
5634
3844
1461
1098
2737
2147
2043
214
3238
3696
158
470
4950
2983
4619
18
939
1980
3489
2745
4924
5356
1484
226
3953
914
4156
5649
4702
1764
2328
353
3037
4868
3487
5699
3733
5530
3405
709
3157
804
3181
1108
1757
5112
2695
1701
5318
1548
1106
3448
5595
5717
4901
828
4627
1201
4248
3876
1804
1507
1023
2894
5179
868
3757
750
3782
4597
3229
3888
886
1591
3998
5063
1340
1509
3102
3648
392
3919
717
199
622
52
3335
4792
987
510
2394
1135
2473
2642
1203
2070
5697
4840
598
4372
1292
5267
5778
5310
4494
5650
4185
2612
3268
3195
4449
2534
2407
5522
2166
4992
2828
2905
5012
3440
1968
3684
3006
5728
1589
3291
3961
2430
1643
1472
3716
491
3656
3364
3030
519
3172
3219
4425
2620
5162
1007
1276
5546
5426
2175
2912
2292
4672
278
3341
85
2382
942
4546
4620
1229
610
1406
3535
4865
5736
4786
4098
3864
1841
2706
2059
2971
5000
3043
2120
5700
785
3199
4665
4440
3935
1192
1352
4910
3771
3526
3213
343
3814
3326
2628
4037
1881
5608
1856
1803
5745
1018
1249
3667
3073
