4873
5664
2541
4914
2138
3734
5509
3775
1085
607
3689
1177
2662
1991
1299
2999
4773
2641
5515
5612
905
3451
2342
2368
4130
1634
1592
2802
2685
3447
2013
3230
2314
3065
970
3824
3022
1910
2374
1450
4802
1741
2683
1556
1383
124
3478
2470
5383
3804
4289
4547
3920
1291
5714
4761
3891
55
1771
4735
4323
1339
3683
3852
3275
1875
1789
4559
2566
747
4685
3254
5080
916
4159
5443
2902
49
5120
1236
1314
3342
2750
135
3781
505
4812
4941
4765
1395
2653
2904
4392
51
402
4484
3848
2482
5764
87
4669
5462
2153
2592
1624
3622
4814
366
788
5229
2655
3220
2172
4034
597
2506
3932
3850
3109
2689
3657
1618
3190
2035
4244
1391
1364
89
3218
5750
3793
2174
1792
718
11
5497
4695
1121
1540
2037
4714
1520
2092
4721
520
2880
2168
3166
5399
1794
1285
2000
1920
3277
208
1844
1407
5435
1247
5025
3766
2981
4430
4084
5479
741
2862
1830
5126
4063
2584
1796
4328
4363
2752
1615
15
3081
3456
144
1370
1978
3916
3616
3151
3725
4774
3070
2865
4049
20
2674
1459
2045
4745
782
352
4689
637
3106
680
2521
1168
160
1826
2416
5722
2272
4416
634
3751
3352
5391
2766
4485
5151
3237
762
5140
918
1969
1536
3014
3974
4189
4340
2693
63
4246
4168
5236
2210
1269
1104
1080
3770
2873
1531
2714
2561
3200
2841
1215
4907
5061
5647
3422
5093
1515
2962
1548
2444
431
2242
2875
3821
4201
413
5294
1651
1148
4135
802
3079
2345
5367
1486
2888
4271
3424
4801
2934
4217
1002
1344
4601
2735
5320
5255
284
1198
2117
1076
5083
1593
581
4443
2894
476
3076
2663
4488
5065
983
1131
4950
4148
529
4639
5682
2790
3284
2252
3585
359
602
1453
1108
1048
886
3183
3333
4876
3332
748
275
2803
5044
535
5512
433
334
3827
2426
3025
75
3648
392
252
5265
5079
171
2723
1396
4499
987
5488
2805
1956
1135
2473
1874
2849
3193
2103
4786
4372
1307
5257
5411
5245
4944
4905
5310
2496
2903
699
498
4185
1868
2433
5175
4043
2877
3293
600
1068
2811
5330
1960
1261
2601
2782
2299
998
302
2185
4237
1687
5728
2595
3623
4437
504
5028
173
456
5425
2830
461
2265
3464
1122
3872
2949
1408
2032
4137
4391
2654
640
2667
2832
4052
2132
5603
928
2549
3513
1925
2194
5362
954
2926
4811
2286
180
3028
2568
5575
4655
1493
1795
1223
351
3110
4863
2879
4206
3492
4933
5386
4831
3713
396
473
2382
909
4715
1150
5755
2292
594
1797
1225
12
2881
4512
3148
4121
5304
2001
1371
2624
1175
2061
3370
1519
2579
4476
2171
3864
3540
1627
250
3217
3841
5695
913
370
2120
2348
3090
4104
113
5388
3236
5074
7
1095
3769
3691
1541
3542
5790
5020
5300
801
5057
4050
5129
4557
1192
227
2576
999
4102
5390
2612
1093
1206
5676
1151
3886
1437
1126
2986
2677
3726
3213
3814
2840
3748
1354
2443
1105
5566
1985
2245
3989
654
1596
