4381
4056
4949
1345
3285
5537
428
2545
1385
730
5262
3395
3117
4787
4547
3986
5616
1659
486
3683
854
439
4759
249
4820
4471
1239
4812
3252
3175
3361
1926
2592
2199
2697
1057
1297
2172
3932
387
2385
1279
5497
3050
5210
5553
13
1877
2461
1247
185
354
2305
2689
1035
2438
3375
2985
5391
2712
483
3136
224
311
2930
2412
2776
3502
3485
2248
2766
1002
1201
476
482
690
5682
2790
4090
1717
5085
1933
1566
557
3890
1909
2768
1633
2432
1939
3570
3249
3763
3941
4180
2749
1447
5784
1159
932
5620
69
116
3678
5215
4737
8
5275
5603
2549
4935
2286
4432
2034
1795
896
1754
1412
5691
2736
3595
3142
471
2401
4514
3533
4867
1369
422
1947
4050
4279
3886
708
799
1684
654
3324
1904
693
4626
1987
2795
2370
1177
5178
3707
3163
4403
4596
100
4634
213
4305
2504
2082
3607
3730
198
3105
3367
4795
1383
2071
1894
4945
5311
5781
72
4454
1661
4522
1075
1563
3536
135
4765
972
1997
2781
3848
1944
4814
3220
1753
2727
1364
1220
2221
2878
3776
3547
373
1886
4864
4365
1285
2193
146
554
4477
2542
5695
5653
1544
2121
2816
2016
183
3602
782
3968
1668
1271
3768
381
507
5724
238
2742
5677
4092
1327
1019
1649
5783
5183
1480
446
3998
1760
3899
4872
2488
5534
3204
3331
5514
1199
812
5171
3827
1319
2426
1114
1027
2723
2901
4899
3057
2805
3295
2284
3568
2028
357
1687
4253
1572
3396
4663
4540
2654
5518
2456
5496
551
3965
2361
4206
4933
3790
644
821
3884
2144
1673
2215
5345
469
243
370
2687
565
3995
4333
2063
4052
5199
2872
3385
4661
1630
1135
1272
2138
2734
5509
5258
5716
691
2634
2711
2802
751
294
2683
4144
5558
2100
200
335
1796
3571
1771
4559
152
1358
5266
4740
4448
5242
1727
2653
1561
5118
3909
722
1043
3679
4344
4590
366
3867
5102
4960
1516
2202
2927
3067
4808
641
3793
818
2396
4886
4197
1755
5770
4118
4687
1714
5782
4028
2511
2599
1174
596
421
4105
3457
2330
5196
1691
2845
668
1884
5660
3545
3327
2494
3815
4174
2635
3821
4969
1929
5367
583
4801
3000
4700
4950
4720
394
4794
5636
2644
5746
5726
5446
4179
4643
4108
2532
5081
3083
2807
297
1315
5730
444
3300
4158
5152
1645
4237
2282
1216
5749
173
4485
2753
1408
2018
5164
2696
1363
1291
5438
3513
500
1231
5512
2134
1173
2953
256
4692
4387
2458
2061
3710
2275
3788
646
111
2852
5117
4417
2967
5420
590
3433
245
4397
4510
1093
1648
3423
3075
480
4570
1149
976
2346
675
5372
3283
3734
2724
5742
4442
1005
1680
2075
4775
5045
4366
5614
3706
1262
1567
2050
3003
4151
5491
3357
3804
4399
4592
4707
251
4761
4165
1993
4962
2086
1241
2157
3626
770
3254
49
3836
4941
154
3524
3450
87
635
4038
3694
1959
26
5460
89
1842
1330
4695
2670
5707
1920
964
4447
1556
2043
3010
158
76
5389
1585
4515
2796
3751
4156
3807
1611
2366
1213
1422
3487
5699
3583
791
3384
709
4191
2514
4439
1757
1948
1790
1380
4913
5595
1299
5720
5040
3823
5348
5083
2894
3076
2158
748
4382
1340
4304
3479
2179
3102
2101
3648
4718
3919
199
999
527
298
874
2642
2317
2070
598
1292
2222
4185
4449
5175
4903
2507
3849
2430
4468
5277
4337
5430
3716
3656
775
519
5689
399
4665
5426
3431
2879
2912
707
4119
165
4780
498
2352
4976
5654
3987
2059
520
2510
5700
113
5457
2419
5115
4535
5057
1352
2441
2476
3771
5725
2986
831
506
239
4134
1398
1856
5745
4906
5184
