3754
3561
45
4202
4701
1628
5634
3653
2868
4130
515
1842
1440
3693
4180
74
4547
5616
1659
1073
1113
486
3683
854
4759
4820
5600
4957
5762
2701
2923
158
3175
3361
3216
4422
4484
1624
5229
1297
1411
1162
597
3932
931
3873
5333
4032
1792
1230
2056
1279
5497
3050
4862
5210
991
13
1877
2360
1247
4142
2668
3766
5403
3477
185
3916
3970
1896
4344
3106
2689
960
2396
2573
1035
589
2291
3240
3346
3375
834
2985
5391
4170
1579
2580
2515
5746
2712
311
2930
411
2676
2776
1215
5665
5061
4874
3735
686
4193
1780
3179
5167
4075
1603
5645
4915
3774
3694
2440
690
5241
1108
2759
748
3757
2803
4150
5734
557
3231
3890
971
4963
1178
1874
2991
3466
4146
3187
5284
5442
5711
4942
1570
4743
3189
69
2377
5520
1394
3055
4737
4762
5103
5656
1331
3866
1346
1939
1120
2286
180
3028
547
896
5026
4846
4343
1225
2881
3429
159
837
4618
608
2508
1369
5788
3617
1173
422
4657
4104
3236
3993
5300
5297
4869
4279
5129
3036
3383
888
799
4274
3094
2144
1549
3542
767
654
5472
4626
1883
1987
5145
2795
1652
2196
5610
5627
2370
1177
1928
2159
221
3419
3228
43
4403
2342
5137
1592
4502
1989
2685
5560
434
3105
3250
3367
280
53
4795
2488
2590
1894
1291
1569
5311
5264
5133
4675
5244
4391
1393
740
5080
2300
1236
4991
3685
3550
5212
3536
296
4765
1912
881
3848
1731
4975
1183
1944
2674
4814
639
3795
5748
824
1753
4080
3590
2174
1492
3776
929
3676
4311
4714
1627
1963
1828
1886
2480
666
1172
1503
5365
3660
4607
15
1016
2153
1209
4049
2016
183
895
3153
3968
5021
5630
5089
2766
1037
2575
2143
2646
762
507
4432
2629
4092
1327
3538
1372
1649
2714
2561
5087
5183
2172
3160
4201
413
1148
3899
9
5703
3923
713
4617
898
3204
1340
3331
4788
514
61
2723
2542
1679
1199
729
703
3388
3940
4518
3827
5239
5079
1114
5413
1935
2901
4899
5488
3907
4472
1180
4896
1868
2678
4613
2877
3255
2277
2028
2811
626
48
302
357
5782
596
318
4784
5334
2832
3680
5670
5362
551
4206
1694
2975
738
396
3790
5755
644
4276
1519
1673
1955
2608
213
3241
3457
469
243
4508
1537
2005
227
565
5650
1765
2063
2677
1214
3505
4891
673
5766
2249
5566
262
3203
1604
2445
1682
2138
5422
2310
5509
3775
5258
5594
5716
81
4173
4525
3877
4461
5612
3080
3077
5507
4804
2137
5710
5735
294
416
850
3761
358
1910
3889
1741
4230
5453
5758
3478
2257
2705
5558
1546
2100
3920
3103
3571
4553
301
1134
2472
2643
1892
152
2223
216
3269
633
4040
2381
5621
4317
4392
2264
1788
722
3054
1043
195
5462
788
4650
1729
4934
2672
4808
641
3218
818
1922
4410
5770
1031
1191
1863
1006
2092
2880
279
3008
4118
164
4430
4513
1796
2511
5223
3070
3951
3562
3259
1154
1826
5196
1211
5701
5405
2693
1703
4246
5425
5503
3545
4937
1301
3821
1401
1857
5367
2160
3981
3424
4801
2055
479
220
289
2349
42
4700
415
361
4357
4302
3481
4950
3119
3062
2252
332
4794
5636
1774
1382
1205
4842
5446
5780
4492
3121
4786
1849
5617
5245
2661
4905
3698
5014
3235
5465
1637
1870
2553
5191
1216
3759
1943
525
173
638
456
3221
5280
5164
4409
1363
5438
1163
1466
324
5575
3946
3740
3339
1139
1231
1795
2583
1887
5792
316
909
4653
559
4062
4692
4387
4978
2969
5501
5757
448
1919
5695
590
3374
763
284
2984
245
4397
1879
1093
5218
2421
1437
5353
1020
5038
3075
4570
5619
2122
2078
3734
2874
3977
4216
4865
2114
3451
5468
105
327
3389
3699
79
4366
1531
3078
2236
2050
4802
662
3357
3232
4399
4592
2769
4165
4498
2497
1339
5506
3061
770
3254
49
3836
4420
949
1890
4941
5576
1488
4182
68
1708
2457
2666
1559
4034
4857
1790
1684
1045
5208
5460
3305
2954
3697
4059
1735
5272
4889
520
5752
3140
5399
546
964
4530
5161
4077
1349
1672
5344
1098
1556
2043
214
4120
836
3809
369
1898
485
3237
5649
2062
3471
3487
3733
2873
709
4439
4069
1757
5318
2962
1548
4901
4627
3123
3490
5040
2788
1534
3446
1023
3229
2770
1635
3998
1192
4823
5063
2179
3648
2280
392
3251
3919
4129
987
4211
298
2394
1135
2473
5380
2024
4372
1292
1220
3268
3195
4110
2719
2166
2828
723
5213
5463
4468
4337
2205
1009
3656
2032
3219
4014
1864
1007
5232
399
5426
2292
707
2382
4686
4923
1431
3486
420
3355
3857
3864
1827
5269
4984
2059
3043
3472
5135
5700
5203
894
5057
4272
1352
3083
1702
1464
3771
3544
3526
286
3213
1803
5745
3073
